0 0.123875 0.7237470725995316 0.12357812500000001 0.730983606557377 0.123875 0.7360889929742389 0.11846874999999998 0.7462997658079625 0.11790624999999999 0.7565339578454333 0.11846874999999998 0.7714285714285714 0.12075 0.7927166276346604 0.127 0.7931381733021078 0.13153125000000002 0.7769555035128806 0.134953125 0.7846370023419205 0.134953125 0.7752693208430914 0.134953125 0.7701405152224825 0.13665624999999998 0.7607728337236535 0.13465625 0.7420608899297424 0.12982812500000002 0.7331147540983607 0.13040625 0.7250117096018734 0.12784374999999998 0.721615925058548
0 0.250828125 0.810351288056206 0.24906250000000002 0.7965807962529273 0.24757812499999998 0.7779391100702576 0.245796875 0.7615222482435597 0.24757812499999998 0.7495316159250586 0.24698437499999998 0.7388758782201406 0.245796875 0.7366744730679157 0.24490625000000002 0.7322248243559719 0.24490625000000002 0.7237939110070257 0.24698437499999998 0.718032786885246 0.250828125 0.7144730679156909 0.25528125 0.7144730679156909 0.26090625 0.718032786885246 0.26179687500000004 0.7269086651053864 0.263859375 0.7388758782201406 0.26534375 0.7486416861826698 0.26653125 0.7659484777517565 0.26653125 0.781943793911007 0.26653125 0.7908196721311476 0.263265625 0.7943559718969555 0.26475 0.8010304449648712 0.26356250000000003 0.8090163934426229 0.260609375 0.8125526932084308 0.2603125 0.8081264637002342 0.260015625 0.80192037470726 0.25764062499999996 0.7956908665105387 0.25409375 0.7952459016393443 0.25734375 0.8076814988290398 0.25734375 0.8107962529274004 0.2546875 0.8107962529274004 0.24965625 0.8116861826697892
0 0.22795312499999998 0.7488056206088993 0.228125 0.7343325526932084 0.22915625 0.7240046838407493 0.22984374999999999 0.7206323185011709 0.22984374999999999 0.7131381733021077 0.2324375 0.7110772833723653 0.23571875000000003 0.7105620608899298 0.23932812499999997 0.7133957845433255 0.24089062499999997 0.7170257611241219 0.234328125 0.7333021077283373 0.23415625 0.745456674473068 0.23089062500000002 0.7630210772833723 0.2310625 0.7738875878220141 0.228296875 0.7671662763466042
0 0.1668125 0.7276580796252927 0.17289062500000002 0.7218501170960188 0.177875 0.706135831381733 0.1811875 0.7168852459016394 0.181734375 0.7243559718969556 0.18284375 0.7342857142857143 0.183953125 0.7549882903981264 0.181734375 0.7640983606557377 0.17896875 0.8030210772833724 0.17953125 0.8220843091334894 0.17621875 0.8245667447306791 0.1635 0.8038641686182669
0 0.084171875 0.7428571428571429 0.066859375 0.7434660421545667 0.0670625 0.7318735362997658 0.071546875 0.7278922716627635 0.07071875 0.7153864168618268 0.0725625 0.7107962529274005 0.07684375 0.7107962529274005 0.08009374999999999 0.7156908665105387 0.079078125 0.7236299765807963 0.08559375 0.7275878220140516 0.086 0.7343091334894614 0.089671875 0.7343091334894614 0.090890625 0.7446838407494145
0 0.1984375 0.7379156908665104 0.192765625 0.7311007025761125 0.1921875 0.722599531615925 0.18878124999999998 0.7179156908665105 0.183390625 0.7234426229508197 0.1828125 0.7289695550351287 0.183390625 0.7553864168618267 0.18253124999999998 0.7681498829039812 0.1859375 0.7800702576112412 0.187078125 0.7953864168618267 0.187078125 0.8141217798594848 0.187078125 0.8234894613583138 0.19332812500000002 0.8260421545667448 0.191625 0.7988056206088993 0.193890625 0.785175644028103 0.19446875 0.7724121779859484 0.19759374999999998 0.7719906323185012 0.19929687499999998 0.7677283372365339 0.19929687499999998 0.7566510538641685 0.1984375 0.7472833723653395
0 0.21192187499999998 0.7878922716627634 0.21192187499999998 0.7800936768149883 0.21192187499999998 0.7800936768149883 0.20703125 0.7756908665105388 0.20865625 0.7561826697892271 0.204765625 0.7332786885245902 0.20768749999999997 0.726440281030445 0.21614062500000003 0.7254566744730678 0.21582812499999998 0.7215690866510539 0.21484375 0.7181498829039812 0.21321875 0.7103512880562061 0.220703125 0.7108430913348945 0.22200000000000003 0.7240046838407493 0.22331249999999997 0.7327868852459016 0.22331249999999997 0.7327868852459016 0.227203125 0.7532552693208431 0.227203125 0.7659484777517565 0.22785937500000003 0.7708196721311475 0.22265625 0.7620374707259953 0.22004687500000003 0.7961826697892272 0.21354687499999997 0.8161826697892272 0.20801562499999998 0.8064168618266978 0.211265625 0.7878922716627634
0 0.238078125 0.8077283372365339 0.236765625 0.7739578454332553 0.23284375000000002 0.7597658079625293 0.236765625 0.7362529274004683 0.23840625000000001 0.7240046838407493 0.241015625 0.7210772833723653 0.24134375000000002 0.7171662763466042 0.24167187499999998 0.710304449648712 0.243953125 0.7073770491803278 0.2495 0.7054098360655737 0.25179687500000003 0.7098126463700234 0.24982812499999998 0.7151990632318501 0.24721875 0.726463700234192 0.24885937500000002 0.7460421545667447 0.248203125 0.766112412177986 0.24460937500000002 0.7969555035128806 0.24231250000000001 0.805784543325527
0 0.273703125 0.8082201405152225 0.27459375 0.7930444964871194 0.267984375 0.7673067915690867 0.26709375 0.7402341920374707 0.264890625 0.7250585480093678 0.263578125 0.7177985948477752 0.27414062499999997 0.701943793911007 0.282515625 0.7204215456674473 0.279875 0.7362763466042154 0.286921875 0.7494847775175644 0.288234375 0.7706088992974239 0.2886875 0.7923887587822015 0.287359375 0.8075644028103044 0.286484375 0.8108665105386417
0 0.390625 0.7712412177985948 0.38990625 0.7375644028103044 0.38871875 0.7329742388758783 0.38801562500000003 0.728384074941452 0.38801562500000003 0.7227400468384075 0.388953125 0.7192037470725996 0.389671875 0.7174473067915691 0.393671875 0.7100468384074942 0.3974375 0.7107494145199064 0.39860937500000004 0.7125058548009368 0.39860937500000004 0.7163934426229508 0.400265625 0.7223887587822013 0.403796875 0.7315690866510538 0.40003124999999995 0.7357845433255269 0.39837500000000003 0.7442622950819673 0.39696875 0.7541451990632319 0.396734375 0.7604918032786886 0.39696875 0.7671896955503512 0.39790625 0.7749648711943794 0.39296875 0.7760187353629977
0 0.40096875 0.7591569086651054 0.401625 0.738711943793911 0.402046875 0.7309133489461359 0.40335937499999996 0.7302810304449648 0.404875 0.7302810304449648 0.40639062499999995 0.741639344262295 0.40942187499999994 0.7562529274004685 0.40659375000000003 0.7588524590163934 0.40573437500000004 0.7543091334894613 0.405953125 0.7497423887587822 0.40421874999999996 0.7497423887587822 0.40378125000000004 0.7513817330210772 0.40378125000000004 0.7562529274004685 0.40378125000000004 0.7588524590163934 0.40378125000000004 0.7594847775175644
0 0.944234375 0.5659953161592506 0.9597031250000001 0.5684543325526932 0.967921875 0.5684543325526932 0.9685937499999999 0.5640046838407494 0.9606875 0.5551288056206088 0.959046875 0.5378688524590164 0.9527812499999999 0.529976580796253 0.945546875 0.531943793911007 0.9435625 0.5452693208430913 0.945546875 0.5531615925058547 0.9409375000000001 0.5625292740046838 0.944234375 0.5659953161592506
0 0.545859375 0.8277049180327869 0.53328125 0.8291569086651054 0.5274687499999999 0.8262529274004684 0.5323125 0.7972365339578454 0.540046875 0.7696487119437939 0.541015625 0.755152224824356 0.541015625 0.7478922716627635 0.5371406249999999 0.7362763466042154 0.554578125 0.726135831381733 0.5584374999999999 0.740632318501171 0.56328125 0.752248243559719 0.57296875 0.7696487119437939 0.581671875 0.7827166276346604 0.585546875 0.816088992974239 0.57296875 0.8248009367681499
