0 0.64735 0.7492000000000001 0.656875 0.7497 0.6579999999999999 0.74894 0.6579999999999999 0.74626 0.6561 0.74424 0.655625 0.74246 0.6551250000000001 0.72796 0.6541750000000001 0.72796 0.6518 0.73202 0.6505249999999999 0.73584 0.64735 0.74372
0 0.746025 0.7293200000000001 0.7428 0.72224 0.74685 0.7119 0.743625 0.7048 0.7557250000000001 0.7061000000000001 0.7557250000000001 0.70996 0.756525 0.71384 0.7597499999999999 0.72158 0.7613500000000001 0.72482 0.767 0.74224 0.767825 0.7486799999999999 0.7726500000000001 0.7609600000000001 0.762175 0.7545 0.757325 0.74934 0.7525 0.739 0.7541 0.74546 0.7548999999999999 0.7532000000000001 0.7548999999999999 0.75902
0 0.17204999999999998 0.75226 0.17415 0.7359600000000001 0.1745 0.72978 0.18012499999999998 0.7263999999999999 0.18257500000000002 0.72078 0.1875 0.71826 0.1931 0.72108 0.19344999999999998 0.72556 0.18960000000000002 0.7311799999999999 0.19344999999999998 0.73484 0.196275 0.7486 0.20225 0.75758 0.201175 0.7606799999999999 0.196975 0.76012 0.2047 0.7705
0 0.10825 0.73756 0.1056 0.73722 0.103475 0.73598 0.1018 0.73464 0.10164999999999999 0.73002 0.102075 0.72676 0.10362500000000001 0.7253 0.1076 0.72324 0.10830000000000001 0.72176 0.1099 0.7225 0.11015000000000001 0.7280599999999999 0.10922499999999999 0.72954 0.108975 0.73066 0.108975 0.73158 0.108975 0.7330599999999999 0.109675 0.7341799999999999 0.10945 0.73584 0.10875 0.7373200000000001 0.107825 0.73862
0 0.0709 0.7291 0.074575 0.72712 0.076225 0.7263 0.078675 0.72564 0.08115 0.7253200000000001 0.08072499999999999 0.72712 0.0791 0.7303999999999999 0.07725 0.7327 0.078275 0.73384 0.076425 0.73482 0.07315 0.7381 0.072525 0.74056 0.0709 0.7410599999999999 0.068425 0.7410599999999999 0.0666 0.7410599999999999 0.06495000000000001 0.7410599999999999 0.061875 0.74172 0.064125 0.7382799999999999 0.0668 0.73582 0.06885 0.73336
0 0.6652750000000001 0.74986 0.67045 0.74702 0.6698000000000001 0.74288 0.67045 0.73772 0.6695 0.73358 0.6691750000000001 0.7294400000000001 0.6691750000000001 0.7279 0.6691750000000001 0.72478 0.6681999999999999 0.72272 0.6688500000000001 0.7211799999999999 0.6698000000000001 0.72066 0.67045 0.72014 0.6698000000000001 0.7180599999999999 0.667225 0.71548 0.6652750000000001 0.71394 0.664 0.7126399999999999 0.6627 0.7098 0.660775 0.7085 0.6601250000000001 0.70928 0.6601250000000001 0.71212 0.660775 0.7126399999999999 0.661075 0.71446 0.6601250000000001 0.716 0.6588249999999999 0.71962 0.6588249999999999 0.72014 0.658175 0.72142 0.657525 0.7235 0.658175 0.72504 0.6578499999999999 0.7260800000000001 0.655925 0.7294400000000001 0.6588249999999999 0.7315 0.6588249999999999 0.73436 0.6588249999999999 0.73746 0.65915 0.7387400000000001 0.66045 0.73978 0.6623749999999999 0.74082 0.6623749999999999 0.7426200000000001 0.6623749999999999 0.7447 0.6633499999999999 0.7465 0.6633499999999999 0.7472799999999999 0.663675 0.74882
0 0.44505 0.74434 0.45005 0.73978 0.446475 0.7255 0.45005 0.7152200000000001 0.46005 0.71408 0.461475 0.71978 0.46005 0.72378 0.4636 0.7409199999999999 0.4629 0.7500399999999999 0.4422 0.74606
0 0.5353249999999999 0.7553799999999999 0.54535 0.75342 0.54535 0.74834 0.550675 0.7467 0.547625 0.73998 0.540225 0.7407999999999999 0.535725 0.74718 0.5343 0.75112
0 0.491175 0.7354400000000001 0.498025 0.7354400000000001 0.498025 0.73278 0.49895 0.7311599999999999 0.496175 0.7290800000000001 0.49597499999999994 0.7271599999999999 0.49265000000000003 0.7271599999999999 0.49265000000000003 0.72968 0.49079999999999996 0.7316
0 0.32382500000000003 0.71682 0.321125 0.71412 0.321475 0.70928 0.32685000000000003 0.71008 0.3292 0.71386 0.32887500000000003 0.72114 0.33055 0.7443 0.33527500000000005 0.74674 0.326175 0.74726 0.32549999999999996 0.73542 0.32045 0.74512 0.3191 0.74538 0.31642499999999996 0.7477999999999999 0.3127 0.7448400000000001 0.32045 0.7373 0.32045 0.72922 0.3208 0.7184400000000001 0.321475 0.71628
0 0.196175 0.7227 0.198875 0.72054 0.197525 0.71512 0.202475 0.71548 0.204725 0.72162 0.20835 0.7248600000000001 0.21059999999999998 0.7346 0.20925000000000002 0.7353200000000001 0.206525 0.73134 0.206075 0.7360399999999999 0.207475 0.7561599999999999 0.2079 0.7587200000000001 0.203 0.7587200000000001 0.202775 0.75122 0.20149999999999998 0.74558 0.19872499999999998 0.74388 0.19552499999999998 0.74712 0.196175 0.74252 0.19872499999999998 0.7391 0.196175 0.73398 0.19425 0.73212
0 0.20989999999999998 0.72736 0.2125 0.7241000000000001 0.214525 0.7234400000000001 0.214125 0.72182 0.21425 0.7201799999999999 0.21575 0.71756 0.2193 0.7179 0.22052499999999997 0.7201799999999999 0.22065 0.72204 0.221475 0.7241000000000001 0.2242 0.7266 0.22515000000000002 0.72966 0.224725 0.73194 0.224325 0.73302 0.22365 0.73498 0.2227 0.73814 0.221475 0.7401 0.22010000000000002 0.74326 0.2231 0.74826 0.225825 0.75186 0.228 0.75458 0.22717500000000002 0.75664 0.224325 0.7574 0.223375 0.75654 0.221475 0.75338 0.21712499999999998 0.75034 0.2152 0.74978 0.214525 0.7481599999999999 0.213025 0.74762 0.211125 0.74588 0.207325 0.74294 0.21017499999999997 0.7376 0.2095 0.73302 0.207875 0.7294400000000001
0 0.991575 0.71148 0.9935250000000001 0.71694 0.992875 0.72058 0.9958 0.7242000000000001 0.9919 0.72992 0.9932 0.73356 0.9896250000000001 0.7416200000000001 0.990275 0.7467999999999999 0.98735 0.74888 0.9841 0.74758 0.9857250000000001 0.74498 0.9857250000000001 0.74264 0.9821500000000001 0.74394 0.980525 0.74706 0.975325 0.74862 0.976625 0.7431599999999999 0.9808499999999999 0.73252 0.982475 0.7293999999999999 0.982475 0.72576 0.9763 0.72084 0.9695 0.71772 0.9734 0.71616 0.9782500000000001 0.7179800000000001 0.980525 0.7192799999999999 0.9828 0.7200599999999999 0.9854 0.71824 0.983775 0.71538 0.987025 0.71304 0.9893000000000001 0.71226
