0 0.662125 0.8481875 0.66278125 0.851125 0.673328125 0.8821458333333333 0.673546875 0.9070416666666666 0.672453125 0.91025 0.67815625 0.929 0.684953125 0.9339791666666667 0.699453125 0.9363125 0.71284375 0.9430416666666667 0.73765625 0.9591458333333333 0.766859375 1.0 0.67684375 1.0 0.674640625 0.9980833333333333 0.67771875 0.9775833333333334 0.67859375 0.9664583333333333 0.67025 0.9301666666666667 0.66321875 0.9175833333333333 0.659265625 0.89475 0.639953125 0.8801041666666667 0.607234375 0.8809791666666666 0.598234375 0.8809791666666666 0.600875 0.8663541666666668 0.614703125 0.8411666666666666 0.623703125 0.8353125 0.63621875 0.8329791666666666 0.6463125 0.8344374999999999
0 0.6528906250000001 0.8354583333333333 0.668671875 0.8263333333333333 0.68234375 0.83125 0.692859375 0.8480833333333333 0.6933906249999999 0.869125 0.690234375 0.9020833333333333 0.690234375 0.9175 0.688125 0.9315416666666666 0.678671875 0.9210208333333333 0.674984375 0.8929583333333333 0.67078125 0.872625 0.66340625 0.8480833333333333
0 0.692703125 0.8715416666666667 0.6960625 0.8715416666666667 0.707859375 0.8558125000000001 0.709546875 0.8490625 0.709546875 0.8490625 0.709546875 0.8490625 0.707859375 0.8378333333333334 0.7028125000000001 0.8288333333333333 0.701125 0.8265833333333333 0.701125 0.8243541666666666 0.717984375 0.7861458333333334 0.716296875 0.7771458333333333 0.733140625 0.7659166666666667 0.734828125 0.7659166666666667 0.77021875 0.7749166666666666 0.77021875 0.7816458333333334 0.77021875 0.7973750000000001 0.77190625 0.8086041666666667 0.7735937500000001 0.8176041666666667 0.77696875 0.8265833333333333 0.77190625 0.8400833333333334 0.77190625 0.8490625 0.785390625 0.8445625 0.790453125 0.8490625 0.8005625000000001 0.8625416666666667 0.792140625 0.9524375 0.8005625000000001 0.9816458333333333 0.753375 0.9906458333333333 0.711234375 0.9322083333333333 0.6859531249999999 0.8850208333333334
0 0.9729531250000001 0.9997916666666666 0.9185000000000001 0.9997916666666666 0.8387968750000001 0.9997916666666666 0.79840625 1.0 0.7927500000000001 0.99775 0.7950781250000001 0.9640208333333333 0.796078125 0.9538333333333333 0.798078125 0.9041250000000001 0.804078125 0.8797291666666667 0.8057343749999999 0.8366875 0.79659375 0.8340625 0.78759375 0.8340625 0.7845156249999999 0.8340625 0.77925 0.8244166666666667 0.77771875 0.8167916666666667 0.774421875 0.8086041666666667 0.77003125 0.7945416666666667 0.766515625 0.7954375 0.7649843749999999 0.79075 0.765859375 0.7816666666666666 0.765421875 0.7746458333333333 0.7625625 0.7614791666666666 0.7649843749999999 0.73775 0.76915625 0.7254583333333334 0.785390625 0.6941458333333334 0.801421875 0.6853541666666667 0.816359375 0.6833125 0.8260156249999999 0.6850625 0.84028125 0.6947291666666667 0.851703125 0.7228333333333333 0.851703125 0.7415625 0.85521875 0.7535624999999999 0.8532343750000001 0.7641041666666666 0.8508281249999999 0.7743541666666667 0.8617968749999999 0.7875208333333333 0.859609375 0.8007083333333332 0.859390625 0.8007083333333332 0.868828125 0.8094791666666666 0.876078125 0.8206041666666667 0.8940781250000001 0.8244166666666667 0.92415625 0.8443124999999999 0.935359375 0.8554375000000001 0.9397500000000001 0.8595416666666666 0.9485312499999999 0.8586666666666667 0.9555468749999999 0.858375 0.9573124999999999 0.858375 0.9614843750000001 0.861 0.962140625 0.8762291666666666 0.961921875 0.8841249999999999 0.954453125 0.8914583333333332 0.94171875 0.897 0.946328125 0.9201458333333333 0.9592812500000001 0.9698958333333334 0.971140625 0.9953749999999999
0 0.138203125 0.9887708333333334 0.141578125 0.9617916666666667 0.192140625 0.9303333333333333 0.22584374999999998 0.9752708333333333 0.22415625 0.9865208333333333
0 0.8608437500000001 0.798 0.871484375 0.7915416666666667 0.8922968750000001 0.7883125 0.9063437499999999 0.7973541666666667 0.9184374999999999 0.8167083333333333 0.920859375 0.8328541666666667 0.920859375 0.8405833333333333 0.9073125 0.8354166666666667 0.8932656250000001 0.8238125000000001 0.878265625 0.821875 0.87196875 0.8096041666666667 0.8627812499999999 0.8012291666666667
0 0.9614843750000001 0.8874791666666667 0.9744999999999999 0.9035416666666667 0.98846875 0.9151041666666667 0.9990781249999999 0.9337291666666666 0.998109375 1.0 0.970640625 0.9992708333333333 0.9581250000000001 0.9684166666666666 0.9431875 0.8983958333333334 0.9537812499999999 0.8919791666666667
0 0.27214062499999997 0.9778541666666667 0.264796875 0.9611875 0.2699375 0.9111875 0.267 0.871 0.252296875 0.8513750000000001 0.249359375 0.8327500000000001 0.2545 0.8170625 0.2640625 0.8219791666666667 0.27509375 0.8298125 0.284640625 0.8347083333333334 0.289796875 0.8327500000000001 0.291265625 0.8425625 0.289796875 0.8631458333333334 0.2890625 0.8719791666666666 0.29053125 0.8807916666666666 0.285375 0.9003958333333333 0.28390624999999997 0.9219791666666667 0.2824375 0.9278541666666666 0.278765625 0.9533333333333334 0.27140624999999996 0.9700000000000001
0 0.658375 0.8957499999999999 0.6685625 0.9123541666666667 0.672703125 0.9385 0.6776093750000001 0.9716875 0.67459375 0.9983333333333333 0.6259375 0.9998333333333334 0.6134999999999999 0.9792291666666666 0.59275 0.9726874999999999 0.58521875 0.9762083333333333 0.57540625 0.9666458333333333 0.567859375 0.9385 0.570125 0.9123541666666667 0.5799375 0.8887083333333333 0.593515625 0.8816875 0.6232968750000001 0.8766458333333333 0.643671875 0.8786666666666666
0 0.2990625 0.9777708333333333 0.288078125 0.94 0.28634375 0.906875 0.306 0.8637291666666667 0.32623437499999997 0.841375 0.35743749999999996 0.8390625 0.39384375 0.8637291666666667 0.41581250000000003 0.8845208333333333 0.42909375 0.8968541666666667 0.436609375 0.9192083333333334 0.42909375 0.9523333333333334 0.41696875 0.9823958333333334 0.41234374999999995 0.9954791666666666 0.3296875 1.0
0 0.5567656249999999 0.9963958333333333 0.562296875 0.9880208333333333 0.5682031249999999 0.9835833333333334 0.57965625 0.9806458333333333 0.590359375 0.9776875 0.5995781250000001 0.9771875 0.616921875 0.9801458333333334 0.6243125 0.9914583333333333 0.627625 0.9998333333333334 0.62615625 1.0 0.6099218750000001 1.0 0.5925625 1.0 0.554921875 1.0
