0 0.22828125 0.5835 0.22946875000000003 0.6058333333333333 0.22946875000000003 0.6117083333333333 0.223875 0.6254166666666666 0.22153125 0.6453958333333334 0.22240625 0.653625 0.214765625 0.6532291666666666 0.214765625 0.64775 0.21359374999999997 0.6207291666666667 0.21271874999999998 0.603875 0.21065625 0.6019166666666667 0.20801562499999998 0.5972083333333333 0.21212499999999998 0.5862499999999999 0.21389062499999997 0.580375 0.21065625 0.5756666666666667 0.213296875 0.5709583333333333 0.21800000000000003 0.5697916666666667 0.222109375 0.5733125 0.223875 0.5776249999999999 0.22740624999999998 0.5819375
0 0.682546875 0.4025208333333333 0.683421875 0.37235416666666665 0.684890625 0.36922916666666666 0.68665625 0.36335416666666664 0.688125 0.3566875 0.689015625 0.3519791666666666 0.690484375 0.34570833333333334 0.695171875 0.33710416666666665 0.697828125 0.33239583333333333 0.703703125 0.32927083333333335 0.708109375 0.32887500000000003 0.7113437499999999 0.332 0.7128125 0.34570833333333334 0.713390625 0.35708333333333336 0.714859375 0.36647916666666663 0.716046875 0.3770625 0.714859375 0.3915625 0.711921875 0.39783333333333337 0.706640625 0.39979166666666666 0.692828125 0.40095833333333336 0.68284375 0.40095833333333336
0 0.6345156249999999 0.41008333333333336 0.6696718749999999 0.4058333333333334 0.66728125 0.38664583333333336 0.65928125 0.3728125 0.6536875 0.34722916666666664 0.649703125 0.3376458333333333 0.636109375 0.3546875 0.631328125 0.373875 0.632125 0.4058333333333334
0 0.12393749999999999 0.6320833333333333 0.12521875 0.6171875 0.13096875 0.6065416666666666 0.126171875 0.6001666666666666 0.126171875 0.5827083333333333 0.12203125 0.5746041666666667 0.123296875 0.5703541666666666 0.11851562499999999 0.5669583333333333 0.11756249999999999 0.5703541666666666 0.12075 0.5754583333333334 0.1210625 0.5835625 0.12075 0.5984583333333333 0.12203125 0.60825 0.12042187499999998 0.6129374999999999 0.121390625 0.6299583333333333 0.123296875 0.6329375
0 0.11784375 0.5688541666666667 0.117359375 0.56175 0.11251562500000001 0.5604583333333333 0.10960937500000001 0.5649791666666667 0.10960937500000001 0.5688541666666667 0.108640625 0.5701458333333334 0.10478125 0.5753125 0.10332812499999999 0.5830416666666667 0.1038125 0.5927291666666666 0.10478125 0.6024166666666667 0.10525 0.6211249999999999 0.105734375 0.6321041666666667 0.105734375 0.6411250000000001 0.1110625 0.6340416666666666 0.11009374999999999 0.6211249999999999 0.11203125 0.6082291666666666 0.11542187500000001 0.6088749999999999 0.11687499999999999 0.6211249999999999 0.117359375 0.6340416666666666 0.118328125 0.6424166666666667 0.125578125 0.63725 0.12171875000000001 0.6269375 0.123171875 0.6153125 0.12268749999999999 0.6075833333333333 0.12075 0.5946666666666667 0.12075 0.5766041666666666 0.11687499999999999 0.5701458333333334
0 0.135046875 0.5747916666666666 0.13715625 0.5719791666666667 0.139265625 0.5705625 0.143484375 0.57225 0.146640625 0.5792708333333334 0.15042187499999998 0.5986666666666667 0.14875 0.60625 0.146 0.6118541666666667 0.14790625 0.6365833333333334 0.13968750000000002 0.6360208333333334 0.138203125 0.6101666666666666 0.134625 0.6045625 0.131671875 0.60625 0.12957812500000002 0.6034375 0.13546875 0.5922083333333333 0.13673437500000002 0.5862916666666667 0.13653125 0.5832083333333333
0 0.18209375 0.6547499999999999 0.18209375 0.6547499999999999 0.19178125 0.6553958333333333 0.19178125 0.6553958333333333 0.188875 0.6218333333333333 0.19468749999999999 0.61925 0.192265625 0.6024791666666667 0.19565625 0.5998958333333333 0.19565625 0.5998958333333333 0.1869375 0.5676249999999999 0.1869375 0.5676249999999999 0.1791875 0.5676249999999999 0.173875 0.5889166666666666 0.176296875 0.5921458333333334 0.176296875 0.5934375000000001 0.173875 0.5934375000000001 0.173875 0.5934375000000001 0.173390625 0.6005416666666666 0.173390625 0.6005416666666666 0.17678125 0.6011875 0.176296875 0.6160208333333334 0.176296875 0.6160208333333334 0.17870312500000002 0.6289374999999999 0.176296875 0.6502291666666667 0.176296875 0.6502291666666667 0.180640625 0.6515208333333333 0.180640625 0.6515208333333333 0.18257812499999998 0.6398958333333333 0.18596875 0.6482916666666667 0.18257812499999998 0.650875 0.183546875 0.6521666666666667
0 0.77696875 0.5903333333333334 0.77528125 0.5813333333333334 0.77190625 0.5701041666666666 0.77528125 0.5633541666666667 0.77696875 0.556625 0.77190625 0.547625 0.77190625 0.5363958333333334 0.77528125 0.5251458333333333 0.785390625 0.5184166666666666 0.788765625 0.5229166666666667 0.788765625 0.5341458333333333 0.788765625 0.5453749999999999 0.7955 0.556625 0.798875 0.5768333333333333 0.8022500000000001 0.5948125 0.798875 0.6038125 0.7955 0.6038125 0.783703125 0.5880833333333333 0.7786562499999999 0.5880833333333333
0 0.320015625 0.5987708333333334 0.322359375 0.5874166666666666 0.32353125 0.5791875 0.322359375 0.5709583333333333 0.32442187499999997 0.5611666666666667 0.32823437499999997 0.5533333333333333 0.33059375 0.5513750000000001 0.33410937500000004 0.5482291666666667 0.334703125 0.5462708333333333 0.334703125 0.5447083333333332 0.344390625 0.5455 0.3446875 0.5462708333333333 0.343515625 0.5991666666666667
0 0.49604687500000005 0.37116666666666664 0.48773437499999994 0.37152083333333336 0.48409375 0.3773958333333333 0.482796875 0.38537499999999997 0.47681250000000003 0.391625 0.473953125 0.4023541666666667 0.46875 0.41622916666666665 0.4671875 0.42870833333333336 0.46693749999999995 0.4307916666666667 0.48460937499999995 0.43424999999999997 0.48903125000000003 0.4262708333333334 0.49396874999999996 0.4196875 0.491625 0.40547916666666667 0.491625 0.4047916666666667 0.494234375 0.40375 0.4965625 0.40166666666666667
0 0.15665625 0.6347708333333333 0.15342187499999999 0.6210833333333333 0.15342187499999999 0.6135 0.15125 0.6106250000000001 0.152609375 0.5980000000000001 0.152609375 0.5929583333333334 0.14828125 0.5890000000000001 0.150171875 0.5814166666666666 0.15423437499999998 0.5771041666666666 0.15557812499999998 0.5695208333333334 0.15909374999999998 0.5709583333333333 0.162609375 0.5774583333333333 0.165859375 0.5803333333333334 0.162875 0.595125 0.16504687499999998 0.6084583333333333 0.160984375 0.6095416666666666 0.16153125 0.6246875000000001 0.16153125 0.6322500000000001 0.16207812500000002 0.6373125000000001 0.156390625 0.6333333333333333
0 0.10584374999999999 0.5738125000000001 0.10140625 0.5731041666666666 0.1006875 0.5754583333333334 0.101578125 0.5787916666666667 0.100859375 0.5813958333333333 0.096765625 0.5894791666666667 0.0973125 0.5980208333333333 0.0973125 0.6008541666666667 0.099796875 0.603 0.10032812499999999 0.6084583333333333 0.0994375 0.6134375 0.09784375 0.6143958333333334 0.0973125 0.6222291666666667 0.0973125 0.6331458333333334 0.095703125 0.63575 0.096765625 0.6369375 0.101578125 0.6362291666666666 0.10032812499999999 0.6298125 0.10104687500000001 0.6226875 0.100515625 0.6174791666666667 0.10210937499999999 0.6134375 0.102640625 0.6153333333333334 0.103359375 0.6229375 0.10371875 0.6288541666666667 0.10371875 0.6347916666666666 0.1053125 0.6371666666666667 0.106390625 0.6364583333333333 0.104609375 0.6015625 0.10425 0.5835416666666667
0 0.677359375 0.34658333333333335 0.67321875 0.34658333333333335 0.668828125 0.3482083333333333 0.6656718749999999 0.35179166666666667 0.664453125 0.3573125 0.665421875 0.36054166666666665 0.66396875 0.36541666666666667 0.6607968750000001 0.36835416666666665 0.659578125 0.37225 0.6625 0.3787291666666667 0.6646875 0.38197916666666665 0.667859375 0.38685416666666667 0.669078125 0.39237500000000003 0.6719999999999999 0.38685416666666667 0.671515625 0.37710416666666663 0.671265625 0.36835416666666665 0.674671875 0.356 0.676625 0.3482083333333333
