0 0.75528125 0.7601255230125522 0.75696875 0.7466317991631799 0.73509375 0.7285983263598326 0.731734375 0.7173430962343096 0.731734375 0.6903138075313808 0.73509375 0.6294979079497908 0.7451875 0.5957112970711297 0.75528125 0.5822175732217574 0.770421875 0.5709414225941423 0.7956562500000001 0.5687029288702928 0.8242499999999999 0.5687029288702928 0.8528437500000001 0.5867154811715481 0.859578125 0.6407740585774059 0.8578906249999999 0.6767991631799163 0.8578906249999999 0.6970711297071129 0.8696718750000001 0.6948117154811716 0.901640625 0.7218410041841005 0.91171875 0.7331171548117155 0.9251875 0.7646443514644351 0.945375 0.7961715481171548 0.965546875 0.8164435146443515 0.985734375 0.8367154811715481 1.0 0.8434728033472804 0.960515625 0.8434728033472804 0.9352812500000001 0.8457112970711297 0.928546875 0.886255230125523 0.916765625 0.9087866108786611 0.9083593750000001 0.8997698744769874 0.8696718750000001 0.8569874476987447 0.847796875 0.8367154811715481 0.822578125 0.8051882845188284 0.8007031250000001 0.7894142259414225 0.772109375 0.7781589958158995
0 0.23496875 0.9842677824267783 0.214828125 0.9168619246861924 0.228265625 0.8629288702928871 0.268546875 0.8292050209205021 0.3323125 0.8157322175732218 0.39442187500000003 0.8314644351464435 0.44309374999999995 0.9258368200836821 0.4581875 0.9842677824267783 0.2416875 0.988765690376569
0 0.9165156250000001 0.58581589958159 0.915703125 0.5617782426778242 0.917328125 0.5410041841004185 0.909984375 0.5246234309623431 0.91325 0.5125941422594142 0.899375 0.49510460251046023 0.8863125000000001 0.49947698744769875 0.882234375 0.5147907949790795 0.8879531249999999 0.5311715481171548 0.894484375 0.5355439330543933 0.8871249999999999 0.5464644351464435 0.8855000000000001 0.5617782426778242 0.87815625 0.5814435146443515 0.8691718749999999 0.5847280334728033 0.87978125 0.5923849372384937 0.8928437499999999 0.5891004184100418 0.90509375 0.5880125523012553
0 0.670515625 0.5669456066945606 0.6498125 0.5623221757322177 0.650671875 0.5426778242677823 0.655859375 0.5265062761506276 0.6524062500000001 0.5230543933054393 0.6480937499999999 0.5114853556485356 0.6472187500000001 0.4906903765690377 0.657578125 0.4883891213389121 0.6679375000000001 0.49878661087866105 0.67396875 0.5276569037656904 0.67225 0.5496234309623431
0 0.81115625 0.5584100418410042 0.781203125 0.5544979079497908 0.78996875 0.5143933054393305 0.78046875 0.5065690376569038 0.77828125 0.47623430962343094 0.792890625 0.46646443514644353 0.800203125 0.4723221757322176 0.8009375000000001 0.48698744769874475 0.8148125 0.5173221757322176 0.81115625 0.5564435146443515
0 0.17471874999999998 0.477489539748954 0.1804375 0.47407949790794984 0.18076562499999999 0.4608786610878661 0.18171874999999998 0.45705020920502093 0.18234375 0.4527824267782427 0.18648437499999998 0.4510878661087866 0.19475 0.4510878661087866 0.19920312499999998 0.45790794979079497 0.1985625 0.46470711297071127 0.201109375 0.4672594142259414 0.20046875000000003 0.4719456066945607 0.201109375 0.4744979079497908 0.20270312499999998 0.477907949790795 0.20460937499999998 0.48131799163179917 0.20842187499999998 0.48769874476987446 0.209375 0.49451882845188283 0.2090625 0.5017573221757322 0.20175 0.5260251046025105 0.19315625 0.5209205020920502 0.18903125 0.5141004184100418 0.18617187500000001 0.5072803347280335 0.18267187499999998 0.5047280334728034 0.17440625 0.5000418410041841
0 0.690359375 0.5687866108786611 0.695015625 0.5583891213389122 0.6991562499999999 0.5524895397489539 0.703828125 0.540020920502092 0.705890625 0.5330962343096234 0.706671875 0.5261506276150628 0.711328125 0.5098744769874477 0.703296875 0.5039748953974895 0.70253125 0.4939121338912134 0.7051093749999999 0.48387029288702926 0.70796875 0.482489539748954 0.712359375 0.4831799163179917 0.7183125 0.48560669456066946 0.7203906250000001 0.4935774058577406 0.722984375 0.4973849372384937 0.722984375 0.49945606694560674 0.722984375 0.571213389121339
0 0.692453125 0.5385146443514645 0.672625 0.5592887029288702 0.6739843750000001 0.5293723849372385 0.67034375 0.5037238493723849 0.67034375 0.4985355648535565 0.66875 0.49213389121338913 0.669203125 0.48845188284518826 0.6744375 0.4890794979079498 0.679921875 0.4851046025104602 0.68584375 0.48418410041841003 0.689265625 0.4857112970711297 0.692 0.4896861924686192 0.691765625 0.49548117154811716 0.6908593749999999 0.4997489539748954 0.6945 0.508305439330544 0.69725 0.5171548117154812 0.69746875 0.522949790794979 0.692234375 0.5205230125523013
0 0.584078125 1.0 0.60253125 0.8337029288702928 0.67303125 0.7775313807531381 0.750234375 0.7550627615062762 0.8274374999999999 0.8337029288702928 0.91975 0.9101046025104602 0.9315 0.948305439330544 0.91975 1.0
0 0.51778125 0.5568410041841004 0.52371875 0.5558995815899582 0.5240625 0.5385983263598326 0.52371875 0.5306485355648536 0.524765625 0.5264225941422594 0.524765625 0.5222175732217573 0.52440625 0.5194142259414226 0.524765625 0.509581589958159 0.527203125 0.5063179916317991 0.5275624999999999 0.5053765690376569 0.5258125 0.49133891213389125 0.5212656250000001 0.490418410041841 0.515671875 0.49133891213389125
0 0.5461406249999999 0.592510460251046 0.548234375 0.5720711297071129 0.548828125 0.5484309623430962 0.548828125 0.5376150627615063 0.548234375 0.5263807531380753 0.552125 0.5151673640167364 0.55421875 0.509163179916318 0.554515625 0.4987238493723849 0.5607968750000001 0.4899163179916318 0.5650000000000001 0.48711297071129706 0.5739687499999999 0.4975313807531381 0.57546875 0.5119665271966527 0.576671875 0.5263807531380753 0.58115625 0.5328033472803347 0.579359375 0.5540376569037656 0.57696875 0.5688702928870293 0.576359375 0.5873012552301256 0.574875 0.593305439330544 0.5506249999999999 0.5973221757322176
0 0.9780468750000001 0.8441422594142259 0.92128125 0.7624686192468619 0.9387968750000001 0.7600418410041841 0.9448281250000001 0.7535774058577406 0.953296875 0.7560041841004185 0.9593281250000001 0.7592468619246863 0.968390625 0.7592468619246863 0.9780468750000001 0.7616736401673639 1.0 0.7532845188284518 0.9991875 0.8381799163179916 0.9991875 0.846255230125523 0.9828749999999999 0.8422175732217573
0 0.813703125 0.5593933054393305 0.823515625 0.5485146443514645 0.82621875 0.5362970711297071 0.827234375 0.5195397489539749 0.832640625 0.5113807531380753 0.830265625 0.509581589958159 0.8218125000000001 0.5014225941422594 0.8218125000000001 0.4923640167364017 0.8241875000000001 0.48648535564853557 0.8322968749999999 0.48060669456066946 0.8397500000000001 0.48648535564853557 0.843125 0.49418410041841004 0.84278125 0.5046025104602511 0.84278125 0.5046025104602511 0.8536093749999999 0.525418410041841 0.856984375 0.5290585774058577 0.8471875000000001 0.5458158995815899 0.8444843750000001 0.5607531380753138 0.837375 0.5711715481171548 0.8343281250000001 0.5738912133891213 0.8225 0.5720711297071129 0.8258749999999999 0.5657322175732218 0.8306093750000001 0.5602928870292887 0.836359375 0.5530543933054394 0.836359375 0.551234309623431 0.83534375 0.5480753138075314 0.8299375 0.5480753138075314 0.82825 0.5521548117154812 0.827234375 0.556673640167364 0.824859375 0.561652719665272 0.8218125000000001 0.5648326359832636 0.8133593749999999 0.5679916317991632
