0 0.033703125 0.6269583333333333 0.0471875 0.6157291666666667 0.1028125 0.5775208333333333 0.08090625 0.5236041666666666 0.11629687500000001 0.48989583333333336 0.136515625 0.5370833333333334 0.141578125 0.48089583333333336 0.136515625 0.39775 0.17865625000000002 0.3865208333333333 0.207296875 0.3910208333333333 0.22921874999999997 0.4561875 0.22921874999999997 0.60675 0.17696875 0.6359583333333333 0.146625 0.6898958333333333 0.13314062499999998 0.60675 0.08932812500000001 0.6426875 0.042140625 0.6741666666666667
0 0.41309375 0.7714375 0.43171875000000004 0.7714375 0.463875 0.7804791666666666 0.474046875 0.8053125 0.49775 0.8459375 0.512984375 0.8933333333333333 0.5180625 0.9384791666666668 0.514671875 0.9746041666666667 0.5163593750000001 0.983625 0.40632812500000004 0.9768541666666667 0.399546875 0.8617291666666667 0.41309375 0.8143333333333334
0 0.54775 0.9865208333333333 0.5578593749999999 0.9505625 0.559546875 0.9325833333333333 0.535953125 0.8921250000000001 0.5545 0.8539375 0.5494375 0.8157291666666667 0.5915781250000001 0.7752708333333334 0.67246875 0.7595416666666667 0.738203125 0.7865208333333332 0.758421875 0.8449375 0.753375 0.9101041666666667 0.7516875 0.9393333333333334 0.756734375 0.9842708333333333
0 0.1734375 1.0 0.17009375 0.977625 0.172328125 0.9361041666666666 0.20790625000000001 0.9094166666666667 0.2690625 0.8960833333333333 0.32021875 0.9005208333333333 0.3546875 0.9301666666666667 0.365796875 0.9716875 0.37025 1.0 0.37025 1.0
0 0.0024375 0.8936875000000001 0.019890625000000002 0.9190833333333334 0.033390625 0.9466041666666667 0.054015625 0.9987499999999999 4.6875e-05 0.9955833333333334
0 0.46654687499999997 0.7742083333333334 0.4699375 0.8018958333333334 0.47862499999999997 0.8225 0.492625 0.8501875 0.49939062500000003 0.8611249999999999 0.5119374999999999 0.8791666666666667 0.515328125 0.8791666666666667 0.50615625 0.8128333333333334 0.507109375 0.805125 0.5085625 0.7916041666666668 0.5042187499999999 0.7774375 0.499875 0.7613333333333333 0.49696875 0.7323541666666666 0.499875 0.7098125 0.50084375 0.6911458333333333 0.498421875 0.6834166666666667 0.49021875000000004 0.6711875 0.482484375 0.6679583333333333 0.480078125 0.6744166666666668 0.47959375 0.6814791666666667 0.46945312499999997 0.6917916666666667 0.46606249999999994 0.7066041666666667 0.4699375 0.7317083333333334 0.471859375 0.7503958333333334 0.473796875 0.7606875 0.46606249999999994 0.7735625
0 0.0 0.6966249999999999 0.025281249999999998 0.6966249999999999 0.058984375 0.7236041666666666 0.07584375 0.7842708333333334 0.07415625 0.8382083333333333 0.08090625 0.8606666666666667 0.13482812500000002 0.8808958333333333 0.188765625 0.9191041666666667 0.17359375 0.9393333333333334 0.168546875 0.99325 0.048875 1.0 0.016859375 0.9146041666666667 0.042140625 0.8853958333333334 0.038765625 0.8561875000000001 0.026968750000000003 0.8292083333333333 0.0033750000000000004 0.8 0.0033750000000000004 0.7685416666666666
0 0.225921875 0.9111041666666666 0.22221875 0.8641875 0.2444375 0.8197500000000001 0.2444375 0.8 0.26110937500000003 0.7827083333333333 0.3 0.7333333333333333 0.32778125 0.7259166666666667 0.383328125 0.7308541666666667 0.416671875 0.7481458333333334 0.41851562500000006 0.790125 0.416671875 0.8296250000000001 0.40740625 0.8469166666666667 0.40740625 0.8641875 0.409265625 0.9160416666666666 0.409265625 0.9678958333333333 0.4055625 0.9876458333333333 0.374078125 0.9876458333333333 0.36296875 0.9654375000000001 0.351859375 0.9456875 0.340734375 0.9135833333333333 0.325921875 0.9012291666666666 0.3055625 0.8962916666666667 0.279625 0.8913541666666667 0.240734375 0.8938333333333334 0.22778125 0.9012291666666666
0 0.12675 0.8835208333333333 0.11854687500000001 0.7868333333333334 0.128125 0.7649375 0.132234375 0.7539791666666668 0.12606250000000002 0.7339166666666667 0.11581250000000001 0.7229583333333333 0.11990624999999999 0.6919375 0.1130625 0.6773541666666667 0.09596875 0.6627500000000001 0.084328125 0.656375 0.06996875 0.6627500000000001 0.054906250000000004 0.6873958333333333 0.046703125 0.708375 0.05421875 0.7284375 0.0624375 0.7567291666666667 0.065859375 0.785 0.065171875 0.8287916666666667 0.063125 0.8516041666666666 0.11101562499999999 0.8725833333333333
0 0.9031874999999999 0.8952916666666667 0.882203125 0.8292916666666666 0.8461562499999999 0.8113541666666666 0.81171875 0.8249791666666667 0.788046875 0.8651666666666666 0.7912656250000001 0.9125 0.8025781249999999 0.9612916666666667 0.8327031249999999 0.9168125 0.8520625000000001 0.8938541666666667 0.8832812499999999 0.8895625
