0 0.683156779661017 0.05365625 0.6733050847457628 0.050546875000000005 0.6733050847457628 0.052609375 0.6728389830508474 0.056078125 0.6742372881355932 0.057796875000000004 0.6709533898305085 0.059187500000000004 0.6653389830508475 0.061609375 0.6653389830508475 0.068171875 0.6601694915254238 0.078546875 0.6639194915254237 0.08201562500000001 0.6672033898305085 0.102765625 0.6728389830508474 0.10345312499999999 0.6751694915254237 0.097578125 0.6770550847457627 0.102765625 0.6854872881355932 0.098265625 0.6850211864406779 0.0844375 0.6854872881355932 0.082703125 0.6859533898305085 0.078203125 0.6878389830508476 0.076828125 0.6892372881355932 0.076125 0.6929872881355932 0.067484375 0.6864406779661016 0.059875
0 0.4992584745762712 0.13040625 0.4992584745762712 0.122796875 0.49733050847457627 0.120171875 0.4976483050847457 0.10804687500000001 0.49216101694915254 0.099484375 0.49345338983050846 0.08545312499999999 0.5021610169491526 0.081640625 0.5018432203389831 0.07521875 0.5044279661016949 0.073796875 0.5089406779661017 0.074984375 0.5092584745762712 0.079984375 0.5099152542372881 0.081890625 0.5186228813559322 0.086171875 0.5140889830508475 0.0930625 0.5147457627118645 0.097578125 0.5169915254237288 0.10115624999999999 0.5163559322033898 0.106859375 0.515063559322034 0.10900000000000001 0.512478813559322 0.128953125
0 0.7324152542372881 0.09140625 0.7223728813559321 0.088234375 0.7223728813559321 0.080828125 0.7195127118644068 0.073421875 0.7108898305084747 0.064953125 0.7108898305084747 0.055421874999999995 0.7151906779661017 0.04484375 0.7209322033898304 0.040609374999999996 0.7467584745762712 0.046953125 0.7395974576271186 0.07659375 0.7352966101694915 0.086109375
0 0.7484957627118645 0.07926562499999999 0.7439406779661016 0.061250000000000006 0.7472669491525423 0.048734375 0.7402118644067797 0.045078125000000004 0.7427118644067797 0.04140625 0.7509745762711864 0.038656249999999996 0.7489194915254237 0.035296875 0.7493220338983051 0.03225 0.7555296610169492 0.031640625 0.7571822033898304 0.034687499999999996 0.7547033898305086 0.038656249999999996 0.7625635593220339 0.0401875 0.7646398305084746 0.055140625 0.7596822033898305 0.078953125 0.7555296610169492 0.080171875 0.7559533898305085 0.064 0.7509745762711864 0.064 0.7522245762711864 0.078953125
0 0.8196610169491525 0.05609375 0.8152754237288136 0.044765624999999996 0.8138135593220339 0.03534375 0.8229449152542373 0.029140624999999996 0.8240466101694915 0.024296875000000002 0.8276906779661017 0.022671875 0.8324364406779662 0.026718750000000003 0.8317161016949153 0.03103125 0.8331779661016949 0.034265625 0.8361016949152542 0.038843749999999996 0.8364618644067797 0.042609375 0.8328177966101694 0.044765624999999996 0.830614406779661 0.051234375 0.8295127118644067 0.057437499999999996 0.8193008474576271 0.057171875000000004
0 0.5745550847457627 0.5369375 0.5745550847457627 0.522453125 0.5712923728813559 0.510375 0.5631144067796611 0.503140625 0.550021186440678 0.49709375 0.541843220338983 0.49106249999999996 0.5434745762711864 0.474171875 0.5189194915254237 0.470546875 0.515656779661017 0.477796875 0.5172881355932203 0.48382812499999994 0.5140042372881356 0.48865625 0.5074576271186441 0.49468750000000006 0.5041949152542373 0.503140625 0.5041949152542373 0.511578125 0.5041949152542373 0.515203125 0.5041949152542373 0.5212343749999999 0.5041949152542373 0.5236562499999999 0.49927966101694915 0.5369375 0.49927966101694915 0.545375 0.4960169491525424 0.5622812500000001 0.4976483050847457 0.5646875 0.5091101694915254 0.5683125 0.5205508474576271 0.567109375 0.5451059322033899 0.567109375
0 0.9183050847457627 0.05021875 0.9110805084745762 0.04853125 0.9080296610169492 0.0249375 0.9095550847457627 0.016515625 0.9141313559322034 0.015953125000000002 0.9126059322033898 0.01034375 0.9179237288135593 0.009218750000000001 0.9194491525423729 0.011171875000000001 0.9190677966101695 0.014546875 0.9255508474576272 0.017921875 0.9274576271186441 0.027750000000000004 0.9232627118644067 0.037578125000000004 0.9186864406779661 0.04965625
0 0.871822033898305 0.05825 0.871822033898305 0.052359375 0.8727542372881356 0.043359375 0.8675847457627118 0.037109375 0.8722881355932204 0.03503125 0.8746398305084745 0.027750000000000004 0.8798093220338983 0.026718750000000003 0.8821610169491525 0.03503125 0.8877966101694915 0.0378125 0.8882627118644068 0.041625 0.8840254237288135 0.043 0.8835593220338983 0.05340625 0.8835593220338983 0.058953124999999995 0.8769915254237288 0.058953124999999995
0 0.1325 0.193796875 0.12834745762711863 0.19042187500000002 0.12254237288135594 0.17115625 0.12296610169491526 0.170234375 0.12834745762711863 0.165640625 0.13125 0.16104687499999998 0.1325 0.155546875 0.13375 0.149125 0.13375 0.143 0.1370550847457627 0.134125 0.14163135593220338 0.12923437499999998 0.1474364406779661 0.129546875 0.1482627118644068 0.13382812500000002 0.15033898305084745 0.140859375 0.15366525423728813 0.14575 0.15406779661016948 0.147890625 0.15449152542372882 0.15432812499999998 0.1565677966101695 0.161671875 0.1611228813559322 0.171453125 0.16154661016949154 0.1754375 0.1611228813559322 0.1781875 0.1565677966101695 0.18215625 0.1519915254237288 0.1925625 0.1482627118644068 0.197765625 0.14453389830508476 0.2014375 0.14328389830508473 0.20418750000000002 0.14328389830508473 0.21153125 0.13995762711864407 0.21459375 0.13540254237288135 0.21184375000000003 0.1325 0.207859375 0.13125 0.205109375 0.13002118644067795 0.1986875 0.13084745762711864 0.1953125
0 0.5467372881355932 0.12857812500000002 0.5444067796610169 0.1065625 0.554343220338983 0.0975 0.554343220338983 0.08887500000000001 0.5455720338983051 0.08542187500000001 0.5408898305084746 0.083265625 0.5385381355932203 0.076796875 0.5309322033898305 0.071609375 0.5239194915254237 0.078953125 0.5204025423728813 0.08628125 0.5145550847457627 0.09534375 0.5151483050847457 0.108296875 0.5186440677966102 0.123390625 0.5180720338983051 0.133328125
0 0.21834745762711866 0.11867187500000001 0.2296822033898305 0.1191875 0.22796610169491524 0.123734375 0.23173728813559322 0.12753125 0.2348093220338983 0.131078125 0.23345338983050848 0.134359375 0.23995762711864407 0.13664062500000002 0.24305084745762712 0.14068750000000002 0.24271186440677966 0.144734375 0.2461440677966102 0.1518125 0.24476694915254238 0.15687500000000001 0.23756355932203388 0.163203125 0.23241525423728815 0.163953125 0.23241525423728815 0.17154687500000002 0.23241525423728815 0.1829375 0.23241525423728815 0.19078124999999999 0.23103813559322034 0.197859375 0.22658898305084746 0.198875 0.22006355932203392 0.198109375 0.22040254237288137 0.19684375 0.219385593220339 0.183953125 0.21423728813559323 0.19178125 0.2101271186440678 0.199125 0.20258474576271188 0.199375 0.20430084745762714 0.192796875 0.2108050847457627 0.186734375 0.2101271186440678 0.17710937499999999 0.20908898305084744 0.16953125 0.20154661016949152 0.16725 0.19845338983050848 0.1616875 0.19845338983050848 0.15890625 0.20086864406779661 0.15687500000000001 0.20258474576271188 0.154859375 0.20326271186440678 0.15434375 0.20360169491525423 0.150046875 0.20497881355932204 0.136890625 0.20703389830508476 0.1295625 0.2108050847457627 0.128796875 0.2159533898305085 0.120953125 0.2180084745762712 0.11842187500000001
