0 0.4654583333333333 0.7635156249999999 0.4624583333333333 0.738734375 0.4414375 0.700453125 0.44743750000000004 0.677921875 0.4594583333333333 0.66215625 0.48647916666666663 0.641890625 0.4834791666666666 0.605859375 0.4955 0.59684375 0.5375416666666666 0.603609375 0.5525625000000001 0.632890625 0.5525625000000001 0.641890625 0.5675625 0.65090625 0.5825833333333333 0.668921875 0.5825833333333333 0.6914374999999999 0.5855833333333333 0.71396875 0.5855833333333333 0.7364843750000001 0.5855833333333333 0.7455 0.5855833333333333 0.7455 0.5855833333333333 0.7455 0.5855833333333333 0.761265625 0.5855833333333333 0.792796875 0.5675625 0.797296875
0 0.26975 0.654671875 0.2765833333333333 0.682515625 0.28831249999999997 0.700109375 0.32445833333333335 0.7132968749999999 0.3342291666666667 0.729421875 0.36354166666666665 0.7477343750000001 0.370375 0.720625 0.35866666666666663 0.70596875 0.3655 0.690578125 0.35866666666666663 0.6810625 0.33325 0.657609375 0.3254375 0.6436875 0.35475 0.6290312499999999 0.36354166666666665 0.6033906250000001 0.35866666666666663 0.582875 0.34791666666666665 0.5726093750000001 0.31272916666666667 0.571140625 0.30102083333333335 0.571140625 0.28929166666666667 0.582140625 0.2834375 0.593859375 0.27560416666666665 0.60778125 0.27560416666666665 0.620234375 0.27560416666666665 0.63196875 0.27560416666666665 0.636359375 0.27560416666666665 0.6385625
0 0.3777916666666667 0.651578125 0.3967291666666667 0.67715625 0.4126458333333333 0.6970468750000001 0.45508333333333334 0.6856875 0.44447916666666665 0.6675 0.42402083333333335 0.6413593750000001 0.40204166666666663 0.6379374999999999 0.39825 0.626578125 0.3975 0.6248750000000001 0.3793125 0.612359375 0.3777916666666667 0.612359375 0.37477083333333333 0.61690625 0.37247916666666664 0.620328125 0.37172916666666667 0.636234375
0 0.7309166666666667 0.69625 0.7315833333333334 0.66859375 0.7315833333333334 0.660546875 0.7195208333333334 0.6555156249999999 0.7114791666666667 0.647484375 0.7054375 0.64646875 0.708125 0.6384218749999999 0.7101458333333334 0.619828125 0.7309166666666667 0.6168125 0.7443333333333333 0.62384375 0.7490208333333332 0.625859375 0.7563958333333333 0.6424531250000001 0.7771875 0.6515 0.8006041666666667 0.671578125 0.8134374999999999 0.690484375 0.8126041666666667 0.706234375 0.8091875000000001 0.712625 0.8069166666666666 0.7326406249999999 0.7944375 0.735609375 0.7779791666666667 0.736375 0.7903541666666667 0.7194375 0.7867083333333333 0.70959375 0.7750625 0.7046718750000001 0.7728750000000001 0.696484375 0.7655833333333334 0.6932031249999999 0.7495625 0.694296875 0.7327916666666667 0.696484375
0 0.5560208333333333 0.636734375 0.5786250000000001 0.633078125 0.5810625 0.619328125 0.5914583333333333 0.607875 0.6036666666666667 0.60375 0.6158958333333333 0.606953125 0.6275 0.616125 0.6275 0.616578125 0.6299375 0.62665625 0.6244375000000001 0.63765625 0.6244375000000001 0.63765625 0.6354375 0.64453125 0.6446041666666668 0.658734375 0.6525625 0.6701875 0.6525625 0.672484375 0.6556041666666667 0.6853125 0.6232291666666666 0.698609375 0.6201666666666666 0.7100625 0.6152708333333333 0.721515625 0.5945 0.7091406250000001 0.5914583333333333 0.6692812499999999 0.5755625 0.65553125
0 0.9931458333333333 0.808171875 0.9718333333333333 0.795390625 0.9633125 0.79325 0.9363333333333334 0.791125 0.9065 0.791125 0.9065 0.791125 0.8837708333333333 0.791125 0.8837708333333333 0.770875 0.8837708333333333 0.75915625 0.8851875 0.730390625 0.8979791666666667 0.7165468749999999 0.8922916666666667 0.6984375 0.8965625 0.690984375 0.9136041666666667 0.675 0.9448541666666667 0.65475 0.9590625 0.655828125 0.9604791666666667 0.647296875 0.9476875 0.632390625 0.9476875 0.61640625 0.9519583333333334 0.59403125 0.9661666666666666 0.59190625 0.9775208333333333 0.590828125 0.9860416666666667 0.589765625
0 0.3408125 0.98378125 0.32287499999999997 0.9165156250000001 0.3109166666666667 0.8425312500000001 0.3109166666666667 0.8223437499999999 0.35874999999999996 0.855984375 0.36770833333333336 0.9860312499999999 0.4305 0.98378125 0.4544166666666667 0.871671875 0.40658333333333335 0.802171875 0.3019375 0.694546875 0.26906250000000004 0.64521875 0.23616666666666666 0.586921875 0.18235416666666668 0.568984375 0.12256249999999999 0.595890625 0.11360416666666667 0.676609375 0.035875 0.719203125 0.008958333333333334 0.743875 0.0 0.9860312499999999 0.34679166666666666 0.9860312499999999
0 0.3608958333333333 0.61375 0.36820833333333336 0.620015625 0.3718541666666667 0.630203125 0.372375 0.641953125 0.3964166666666667 0.6795625000000001 0.4115625 0.6968125 0.41841666666666666 0.7253437500000001 0.3950416666666667 0.72675 0.38195833333333334 0.7365625 0.3697916666666667 0.73515625 0.37072916666666667 0.717625 0.365125 0.70640625 0.365125 0.69028125 0.3604583333333334 0.68115625 0.33804166666666663 0.6617656249999999 0.3315416666666666 0.65078125 0.32706250000000003 0.6440625 0.34739583333333335 0.633984375 0.3559583333333334 0.6285000000000001 0.35962500000000003 0.6174999999999999
0 0.4764791666666667 0.648296875 0.4821875 0.641875 0.47443749999999996 0.637296875 0.4642291666666667 0.63484375 0.4532083333333333 0.628421875 0.4495416666666667 0.625359375 0.44302083333333336 0.621375 0.43485416666666665 0.621375 0.42875 0.623515625 0.43364583333333334 0.640046875 0.4438333333333333 0.6501406249999999 0.45770833333333333 0.65809375 0.463 0.660234375
0 0.4832916666666666 0.6441250000000001 0.46397916666666666 0.633015625 0.46639583333333334 0.622421875 0.46950000000000003 0.6174999999999999 0.4746666666666667 0.613890625 0.47777083333333337 0.612859375 0.48362499999999997 0.613109375 0.4881041666666667 0.613890625 0.49466666666666664 0.62034375 0.4953541666666667 0.628109375 0.490875 0.637671875
0 0.6744583333333334 0.637515625 0.6822708333333334 0.623 0.6888541666666667 0.620234375 0.6937916666666666 0.618375 0.6954375 0.61559375 0.6975 0.60634375 0.7036666666666667 0.600171875 0.7110833333333333 0.602640625 0.714375 0.605109375 0.7135416666666666 0.617453125 0.7090208333333333 0.6288750000000001 0.7069583333333332 0.647078125 0.7188958333333333 0.656953125 0.7110833333333333 0.659734375 0.7045 0.6618906250000001 0.6921458333333333 0.660359375 0.6888541666666667 0.65634375 0.6909166666666666 0.641828125 0.6761041666666666 0.641828125 0.6719791666666667 0.637203125
0 0.0376875 0.629671875 0.0414375 0.6081562500000001 0.05452083333333334 0.59553125 0.06575 0.59459375 0.06949999999999999 0.602546875 0.07697916666666667 0.62171875 0.07635416666666667 0.633421875 0.057645833333333334 0.633890625 0.0376875 0.630140625
