0 0.807015625 0.06292056074766356 0.790484375 0.05168224299065421 0.82203125 0.02247663551401869 0.8235468750000001 0.04044392523364486 0.826546875 0.0741588785046729 0.82203125 0.10112149532710281 0.81753125 0.10112149532710281 0.8085156250000001 0.09212616822429906
0 0.7707499999999999 0.03663551401869159 0.77025 0.03516355140186916 0.773671875 0.04539719626168224 0.773671875 0.06586448598130841 0.7707499999999999 0.07609813084112149 0.7707499999999999 0.07901869158878505 0.7712343749999999 0.08413551401869158 0.77025 0.08633177570093459 0.765359375 0.07757009345794393 0.764390625 0.07317757009345795 0.7624375 0.06878504672897197 0.7599843749999999 0.07684579439252337 0.7580312499999999 0.07976635514018691 0.757546875 0.08049065420560748 0.7560781249999999 0.07976635514018691 0.75509375 0.06878504672897197 0.76096875 0.05710280373831776 0.7624375 0.051985981308411214 0.7619374999999999 0.04392523364485981 0.765359375 0.03808411214953271 0.765359375 0.03663551401869159 0.7712343749999999 0.03224299065420561
0 0.05559375 0.1102803738317757 0.051046875000000005 0.08600467289719627 0.0481875 0.06642523364485982 0.049328125 0.05621495327102803 0.052468749999999995 0.0510981308411215 0.053031249999999995 0.0502570093457944 0.051046875000000005 0.04514018691588785 0.05046874999999999 0.03747663551401869 0.05275 0.03535046728971963 0.053609375 0.033224299065420564 0.062140625000000005 0.03661214953271028 0.062140625000000005 0.04598130841121495 0.06185937500000001 0.04855140186915888 0.06642187499999999 0.0502570093457944 0.070125 0.05535046728971963 0.0726875 0.07025700934579439 0.072109375 0.08046728971962616 0.06982812499999999 0.0894158878504673 0.06982812499999999 0.09920560747663551 0.06982812499999999 0.11282710280373831 0.055874999999999994 0.1111214953271028
0 0.093515625 0.06116822429906542 0.093953125 0.07539719626168224 0.10259375 0.0689252336448598 0.10914062499999999 0.06282710280373832 0.11251562500000001 0.0633177570093458 0.10914062499999999 0.051728971962616825 0.104421875 0.04418224299065421 0.10779687499999999 0.03408878504672897 0.102734375 0.028037383177570093 0.09734374999999999 0.033598130841121496 0.09701562500000001 0.03862149532710281 0.092625 0.04619158878504673 0.092625 0.06432242990654206
0 0.009015625 0.19100467289719625 0.025546875000000004 0.21348130841121496 0.027046874999999998 0.22920560747663551 0.057109375 0.24044392523364486 0.058609375 0.2719158878504673 0.039078125000000005 0.3101168224299065 0.040578125 0.33483644859813083 0.0330625 0.3438317757009346 0.01503125 0.3280841121495327 0.010515625 0.26516355140186915 0.0015 0.2539252336448598 0.0 0.23595794392523364 0.0015 0.18651869158878503
0 0.936125 0.11813084112149533 0.9288125 0.1175 0.9258124999999999 0.11684579439252336 0.92365625 0.10399532710280374 0.9219375 0.08151869158878505 0.924953125 0.06866822429906543 0.9219375 0.05967289719626168 0.9245156250000001 0.0435981308411215 0.92925 0.037172897196261684 0.931390625 0.0211214953271028 0.9374062500000001 0.010841121495327103 0.9425625 0.010210280373831777 0.943421875 0.0211214953271028 0.9464375 0.03268691588785047 0.9472968749999999 0.044252336448598134 0.9442812500000001 0.06672897196261682 0.94128125 0.10079439252336449 0.93440625 0.11684579439252336
0 0.009234375 0.05850467289719626 0.013343749999999998 0.0769626168224299 0.0229375 0.11647196261682244 0.01784375 0.11880841121495328 0.01353125 0.12175233644859813 0.010015625 0.11588785046728972 0.0053124999999999995 0.10212616822429907 0.00140625 0.09042056074766355 0.0 0.07754672897196262 0.0 0.05060747663551402 0.00021875000000000003 0.04212616822429907 0.002203125 0.03455607476635514 0.00453125 0.03357476635514019 0.00684375 0.03492990654205607 0.011234375000000001 0.041892523364485984 0.0115 0.04516355140186915 0.0096875 0.04922897196261682 0.00878125 0.05212616822429906
0 0.07840625 0.0669392523364486 0.07959374999999999 0.05002336448598131 0.08078125 0.047803738317757014 0.08584375 0.042453271028037386 0.08584375 0.03845794392523365 0.08465625 0.037126168224299066 0.089109375 0.03179906542056075 0.09328125000000001 0.03313084112149533 0.095359375 0.03845794392523365 0.095359375 0.039345794392523364 0.09506250000000001 0.040677570093457946 0.09476562499999999 0.04380841121495327 0.0926875 0.04735981308411215 0.09328125000000001 0.06380841121495327 0.09446875 0.07492990654205607 0.09476562499999999 0.0767056074766355 0.0915 0.08471962616822429 0.089703125 0.08829439252336449 0.076625 0.08829439252336449 0.076625 0.08338785046728972 0.07781249999999999 0.06514018691588785
0 0.6141875 0.04296728971962617 0.6205625 0.030700934579439253 0.624203125 0.04296728971962617 0.6205625 0.05521028037383177 0.61690625 0.06883177570093459 0.62328125 0.0797196261682243 0.6096250000000001 0.07834112149532711 0.60234375 0.07154205607476635 0.6096250000000001 0.0511214953271028
0 0.045156249999999995 0.11404205607476636 0.043109375 0.08593457943925234 0.039234375 0.06850467289719626 0.039234375 0.04060747663551401 0.029906250000000002 0.037126168224299066 0.025234374999999996 0.033621495327102804 0.0166875 0.041775700934579434 0.013578125 0.06385514018691589 0.020578125 0.0835981308411215 0.024453125 0.12079439252336449 0.044671875 0.1149766355140187
0 0.772578125 0.06885514018691588 0.7756406250000001 0.08301401869158878 0.778015625 0.08336448598130841 0.7806093749999999 0.06885514018691588 0.782265625 0.05186915887850467 0.7817968750000001 0.04621495327102804 0.781328125 0.04551401869158878 0.78275 0.03665887850467289 0.77871875 0.030654205607476635 0.777546875 0.03630841121495327 0.77234375 0.04656542056074766
0 0.8835000000000001 0.0785981308411215 0.8854374999999999 0.0747196261682243 0.88640625 0.06817757009345794 0.8844687499999999 0.06600467289719626 0.8856093749999999 0.05317757009345795 0.885125 0.048341121495327107 0.886578125 0.043247663551401874 0.888359375 0.042289719626168225 0.8891562499999999 0.042289719626168225 0.8925625 0.03962616822429907 0.89434375 0.04058411214953271 0.894671875 0.04614485981308411 0.8948281250000001 0.04929906542056075 0.8941874999999999 0.055116822429906544 0.894015625 0.061635514018691585 0.893703125 0.06600467289719626 0.8919218750000001 0.06962616822429907 0.89159375 0.0766588785046729 0.8898125 0.0802803738317757 0.886734375 0.08245327102803739 0.886734375 0.08464953271028036 0.884625 0.08464953271028036 0.8833437500000001 0.08051401869158879
0 0.532703125 0.09962616822429907 0.529375 0.09745327102803739 0.530203125 0.09247663551401869 0.531875 0.09214953271028037 0.534578125 0.08873831775700934 0.535828125 0.07782710280373832 0.537703125 0.0569626168224299 0.53978125 0.04761682242990654 0.543734375 0.041705607476635514 0.541875 0.037336448598130845 0.541875 0.03235981308411215 0.54228125 0.02364485981308411 0.54415625 0.01897196261682243 0.54915625 0.01647196261682243 0.5524843749999999 0.017102803738317757 0.55540625 0.02799065420560748 0.557078125 0.03422897196261682 0.557078125 0.037336448598130845 0.563953125 0.03857476635514019 0.5741562499999999 0.042943925233644854 0.58103125 0.050420560747663545 0.583109375 0.06070093457943925 0.5837343749999999 0.06724299065420561 0.5837343749999999 0.0725233644859813 0.5826875 0.07128504672897197 0.5720625 0.07098130841121496 0.5701875000000001 0.07408878504672897 0.56728125 0.07035046728971962 0.547703125 0.07969626168224299 0.538953125 0.09588785046728972 0.53353125 0.10242990654205608
