0 0.89488 0.63016 0.9014800000000001 0.63016 0.89854 0.6194133333333334 0.90074 0.60768 0.90588 0.6106133333333333 0.9124800000000001 0.638 0.91176 0.6468 0.91762 0.6526666666666666 0.91542 0.63408 0.91396 0.60768 0.91616 0.5988533333333333 0.91762 0.5656 0.9110199999999999 0.55288 0.89854 0.53528 0.8941399999999999 0.5304 0.88314 0.5294133333333333 0.87874 0.5323466666666666 0.86774 0.5274666666666668 0.8626 0.5323466666666666 0.86114 0.5421333333333334 0.86554 0.5499466666666667 0.8757999999999999 0.5509333333333333 0.87874 0.5489866666666667 0.878 0.56952 0.8757999999999999 0.5929866666666667 0.87288 0.5939733333333334 0.87654 0.5988533333333333 0.8809400000000001 0.58616 0.8846 0.5617066666666666 0.88754 0.5656 0.88754 0.5832266666666667 0.88828 0.58712 0.89488 0.5890933333333334 0.89048 0.6057066666666666 0.8941399999999999 0.63016
0 0.84166 0.6060266666666666 0.8517 0.6244266666666667 0.8520599999999999 0.63232 0.8282200000000001 0.6258666666666667 0.8282200000000001 0.6167733333333333 0.8282200000000001 0.61152 0.83002 0.6057866666666666 0.82716 0.5995733333333333 0.82572 0.5897866666666667 0.82626 0.5857333333333333 0.83002 0.5821333333333334 0.83558 0.58096 0.8389800000000001 0.5830933333333334 0.84094 0.5893066666666666 0.84184 0.5952799999999999
0 0.8202999999999999 0.62008 0.8022 0.6212 0.78554 0.6184000000000001 0.7805 0.6184000000000001 0.77712 0.6136266666666667 0.77058 0.6164266666666667 0.76216 0.6169866666666667 0.7571 0.6150133333333333 0.76322 0.6116533333333334 0.76722 0.6099733333333334 0.77186 0.6060266666666666 0.77312 0.6015466666666667 0.77332 0.5945066666666666 0.7729 0.5902933333333333 0.7764800000000001 0.5858133333333333 0.78028 0.58608 0.78492 0.5911466666666667 0.78512 0.59872 0.78554 0.6037866666666666 0.7965 0.6060266666666666 0.80662 0.60408 0.8202999999999999 0.6032266666666667 0.8264199999999999 0.6029333333333333 0.8279 0.6116533333333334 0.82578 0.61784 0.8182 0.6189600000000001
0 0.39976 0.5570933333333333 0.40058 0.5578133333333334 0.40192 0.5603466666666667 0.403 0.5617866666666667 0.4049 0.56432 0.40518 0.5636 0.40518 0.5625066666666667 0.40652 0.5513333333333333 0.40652 0.5484533333333333 0.40652 0.54592 0.40814 0.53728 0.40868 0.53728 0.40706 0.5347466666666667 0.40572 0.5325866666666667 0.40436 0.53224 0.40382 0.5318666666666666 0.40382 0.5304266666666667 0.4049 0.5289866666666667 0.40436 0.5261066666666666 0.40327999999999997 0.5250133333333333 0.4003 0.5239466666666667 0.39976 0.5253866666666667 0.40004 0.5297066666666667 0.39976 0.53368 0.3976 0.5351199999999999 0.39166 0.5397866666666666 0.39166 0.5405066666666667 0.39382 0.54376 0.39516 0.5448533333333333 0.3976 0.5448533333333333 0.39896 0.5502400000000001 0.39733999999999997 0.5477333333333333 0.39544 0.5509866666666666 0.39652 0.5563733333333333
0 0.76476 0.58728 0.7597200000000001 0.5831733333333333 0.75776 0.5779466666666666 0.7586 0.5713866666666667 0.76 0.5676533333333333 0.7608400000000001 0.5624266666666666 0.75846 0.5592266666666666 0.7534 0.5596 0.7527 0.5637333333333333 0.7527 0.5676533333333333 0.75242 0.56896 0.7500399999999999 0.5738133333333334 0.7489199999999999 0.5790666666666667 0.7500399999999999 0.5857866666666667 0.75074 0.5885866666666667 0.7511599999999999 0.5914133333333333 0.75522 0.5923466666666667 0.76182 0.5929066666666667 0.7639199999999999 0.5929066666666667 0.76644 0.5901066666666667
0 0.37038 0.5877066666666666 0.37038 0.5726133333333333 0.36678 0.5633333333333334 0.36884 0.5468533333333333 0.36884 0.5375733333333333 0.36782 0.5327733333333333 0.36651999999999996 0.5228266666666667 0.37142000000000003 0.52008 0.37656 0.5259199999999999 0.37426 0.5351733333333333 0.38068 0.5489066666666667 0.38172 0.5616266666666667 0.37812 0.5781066666666667 0.37914 0.5956266666666667 0.36936 0.5935466666666667
0 0.73976 0.50712 0.74188 0.5059733333333334 0.7456799999999999 0.5073866666666667 0.74526 0.5110399999999999 0.74694 0.5130133333333333 0.74926 0.5155466666666667 0.7488400000000001 0.51864 0.74674 0.52176 0.74652 0.5276533333333333 0.74758 0.53216 0.74778 0.5377866666666666 0.74778 0.5422933333333334 0.74674 0.54792 0.74526 0.5507466666666667 0.7406 0.5498933333333333 0.74336 0.5456799999999999 0.74356 0.5400533333333334 0.74378 0.5361066666666666 0.74252 0.5414666666666667 0.74146 0.5482133333333333 0.73766 0.5490666666666667 0.73724 0.54344 0.7374400000000001 0.53864 0.7374400000000001 0.5341333333333333 0.7380800000000001 0.5296266666666667 0.73956 0.5248533333333333 0.73956 0.5200533333333334 0.7380800000000001 0.5166933333333333 0.7374400000000001 0.5135733333333333 0.73956 0.5116266666666667 0.74018 0.5110399999999999 0.74082 0.5073866666666667
0 0.77466 0.5688266666666667 0.76014 0.57464 0.7620800000000001 0.5617333333333333 0.7645 0.5488266666666667 0.76644 0.5462400000000001 0.7703 0.5488266666666667 0.7732 0.5617333333333333
0 0.63464 0.59072 0.63502 0.5805600000000001 0.6388400000000001 0.5703733333333333 0.6445599999999999 0.5653066666666667 0.65332 0.5653066666666667 0.6578999999999999 0.5744533333333333 0.6701 0.5856266666666667 0.67048 0.59376 0.66362 0.59376 0.6529400000000001 0.5841066666666667 0.64988 0.5927466666666666 0.64378 0.5917333333333333 0.6476000000000001 0.58208 0.6445599999999999 0.5790133333333333 0.6415 0.5800266666666667 0.64112 0.59072
0 0.38902 0.5796 0.38648000000000005 0.56048 0.38277999999999995 0.55184 0.38254000000000005 0.54536 0.38208 0.5379466666666667 0.37744 0.5326933333333334 0.37536 0.5262133333333334 0.37744 0.5216 0.38394 0.5218933333333333 0.38624 0.52744 0.3925 0.5330133333333333 0.39433999999999997 0.5432 0.39527999999999996 0.5530666666666667 0.39574000000000004 0.5657333333333333 0.39527999999999996 0.5728266666666667 0.3932 0.57744
0 0.40826 0.5412 0.40982 0.5462666666666667 0.41098 0.5519733333333333 0.40914 0.5563733333333333 0.40524 0.5573066666666667
