0 0.19841666666666666 0.30095312500000004 0.19764583333333335 0.29634375 0.19977083333333334 0.295328125 0.19958333333333333 0.292 0.2016875 0.29028125 0.20420833333333333 0.29028125 0.2059375 0.292296875 0.20572916666666666 0.294609375 0.206125 0.295609375 0.2084375 0.296921875 0.21131250000000001 0.299515625 0.2130625 0.302109375 0.21131250000000001 0.302109375 0.20979166666666668 0.301109375 0.2074791666666667 0.299375 0.20554166666666665 0.29865624999999996 0.20535416666666664 0.299796875 0.20535416666666664 0.301828125
0 0.4492291666666667 0.28723437500000004 0.4492291666666667 0.29084374999999996 0.45077083333333334 0.29271875 0.4551875 0.293015625 0.4546041666666667 0.29546875 0.44747916666666665 0.296046875 0.45095833333333335 0.299359375 0.44035416666666666 0.299515625 0.44112500000000004 0.291859375 0.4444166666666666 0.2905625 0.4444166666666666 0.28723437500000004 0.4490208333333333 0.286375
0 0.47274999999999995 0.2995625 0.47439583333333335 0.29921875 0.4732083333333333 0.29575 0.4738125 0.292609375 0.4736458333333333 0.29081250000000003 0.4732083333333333 0.29046875 0.4717083333333333 0.29025 0.47110416666666666 0.28778125 0.4700625 0.28721874999999997 0.4669166666666667 0.287328125 0.4663125 0.28990625 0.46645833333333336 0.29125 0.4669166666666667 0.29215625 0.4657291666666667 0.29304687500000004 0.46437500000000004 0.29384375 0.463625 0.296421875 0.4657291666666667 0.297203125 0.4685625 0.29709375 0.4685625 0.299671875
0 0.499625 0.299515625 0.4892083333333333 0.30007812500000003 0.48693749999999997 0.296078125 0.49112500000000003 0.2905625 0.49174999999999996 0.2885625 0.4937916666666667 0.287984375 0.49645833333333333 0.28875 0.4981041666666667 0.291703125 0.5014166666666667 0.29474999999999996 0.5026875 0.29721875 0.5022916666666667 0.299796875
0 0.68425 0.284125 0.6825208333333334 0.284703125 0.6825208333333334 0.28628125 0.6827083333333334 0.28771874999999997 0.6823333333333333 0.29015625 0.6823333333333333 0.299515625 0.6855833333333333 0.30007812500000003 0.69 0.29921875 0.6905625000000001 0.289296875 0.6884583333333333 0.28700000000000003 0.6873125000000001 0.283984375 0.6863541666666666 0.283984375
0 0.093625 0.29284374999999996 0.09516666666666666 0.295015625 0.10016666666666667 0.29834375 0.10054166666666667 0.2995 0.09033333333333333 0.30021875 0.08650000000000001 0.29934375 0.08804166666666666 0.295015625 0.08977083333333334 0.294296875 0.08958333333333333 0.2916875 0.09168749999999999 0.290828125 0.094 0.291265625 0.094 0.291265625
0 0.11270833333333334 0.29903124999999997 0.1015625 0.29903124999999997 0.10002083333333332 0.29817187500000003 0.10020833333333333 0.296875 0.10597916666666667 0.29615625 0.107125 0.29471875000000003 0.10597916666666667 0.292125 0.10731249999999999 0.29025 0.11345833333333334 0.29025 0.11404166666666667 0.294140625
0 0.19841666666666666 0.297140625 0.19649999999999998 0.29695312500000004 0.19637500000000002 0.294078125 0.19497916666666668 0.29178125 0.19229166666666667 0.291203125 0.19102083333333333 0.29312499999999997 0.19089583333333332 0.29521875 0.19 0.29685937500000004 0.18985416666666666 0.302515625 0.19804166666666667 0.30175
0 0.23339583333333333 0.29890625000000004 0.22745833333333335 0.298296875 0.2263125 0.2965625 0.22695833333333332 0.29409375 0.22829166666666667 0.29334375 0.23024999999999998 0.29371875 0.23239583333333333 0.295203125 0.23454166666666668 0.2965625 0.235375 0.297796875
0 0.6167708333333334 0.29490625000000004 0.6144791666666667 0.29146875 0.6144791666666667 0.28759375 0.6081666666666667 0.28889062499999996 0.60875 0.2931875 0.6064375 0.29534375 0.6093125 0.297921875 0.6190625 0.297921875
0 0.38277083333333334 0.6213124999999999 0.37697916666666664 0.634328125 0.35574999999999996 0.632890625 0.35574999999999996 0.6184062499999999 0.3576875 0.602484375 0.35189583333333335 0.579328125 0.35189583333333335 0.56196875 0.35189583333333335 0.54315625 0.3441666666666666 0.5286875 0.33645833333333336 0.5373593750000001 0.33839583333333334 0.559078125 0.3441666666666666 0.5706562500000001 0.34610416666666666 0.592359375 0.3441666666666666 0.60828125 0.3499583333333333 0.62709375 0.34610416666666666 0.632890625 0.33066666666666666 0.632890625 0.31329166666666663 0.6213124999999999 0.3326041666666667 0.6184062499999999 0.3268125 0.601046875 0.31329166666666663 0.569203125 0.31522916666666667 0.530125 0.3055833333333334 0.517109375 0.28820833333333334 0.47803125 0.2920833333333333 0.407109375 0.3692708333333333 0.39553125 0.39820833333333333 0.37960937499999997 0.39047916666666665 0.411453125 0.38662500000000005 0.41 0.39047916666666665 0.4563125 0.39047916666666665 0.4925 0.40399999999999997 0.517109375 0.373125 0.531578125 0.38277083333333334 0.582234375 0.37504166666666666 0.59525 0.37504166666666666 0.612625 0.3789166666666667 0.6213124999999999
0 0.6522708333333332 0.295328125 0.6524583333333334 0.292203125 0.65 0.29178125 0.6511250000000001 0.28923437500000004 0.6477291666666667 0.28781249999999997 0.6452708333333333 0.287953125 0.6452708333333333 0.291640625 0.6415000000000001 0.29234375 0.6416875 0.29617187500000003
