0 0.781140625 0.986135831381733 0.770640625 0.9119906323185012 0.770640625 0.8940046838407494 0.782640625 0.8782669789227165 0.790125 0.8737939110070257 0.787125 0.8378220140515222 0.791625 0.8176112412177986 0.806625 0.8108665105386417 0.820109375 0.8265807962529274 0.812625 0.8737939110070257 0.827609375 0.8805152224824356 0.835109375 0.8827634660421546 0.8471093749999999 0.9366978922716628 0.8456093750000001 0.9546838407494145 0.8321093749999999 0.9456908665105387 0.829109375 0.925456674473068 0.827609375 0.9344496487119438 0.833609375 0.9681733021077285 0.8411093749999999 0.9748946135831381 0.8471093749999999 0.9793911007025761 0.835109375 0.9883840749414521
0 0.51971875 0.8652224824355972 0.49484374999999997 0.9223653395784543 0.49540625 0.9497189695550351 0.513078125 1.0 0.48324999999999996 0.9993911007025761 0.47771875 0.928992974238876 0.478828125 0.9099531615925058 0.4760625 0.8818032786885245 0.4931875 0.857775175644028 0.50203125 0.8486651053864168 0.49540625 0.837072599531616 0.4970625 0.8163700234192037 0.5092187499999999 0.8047540983606557 0.520828125 0.80807962529274 0.5246875 0.8296018735362998 0.523578125 0.8486651053864168 0.51971875 0.857775175644028
0 0.52478125 0.8231850117096019 0.533 0.8119906323185012 0.529625 0.7929508196721311 0.530375 0.7610304449648712 0.541953125 0.7520843091334894 0.5546562500000001 0.753208430913349 0.562125 0.772248243559719 0.559515625 0.7806323185011709 0.5793125 0.7968618266978923 0.58678125 0.8315690866510538 0.589390625 0.8416627634660421 0.558015625 0.8416627634660421 0.5404687499999999 0.8466978922716628 0.52290625 0.8601170960187353 0.52478125 0.8539578454332553 0.527015625 0.8405386416861828
0 0.26309375 0.5437470725995316 0.267359375 0.49894613583138175 0.273625 0.4963934426229508 0.27590625 0.47505854800936764 0.29100000000000004 0.4780327868852459 0.2915625 0.4959484777517565 0.29840625 0.5113114754098361 0.289859375 0.5279625292740047 0.286734375 0.5458782201405152 0.28615625 0.5685011709601874 0.27875 0.5858079625292739 0.2685 0.5840983606557377 0.27135937499999996 0.5427166276346604
0 0.898078125 0.9146135831381733 0.9100781250000001 0.8943793911007025 0.9280625 0.8651756440281031 0.9385625 0.8426932084309133 0.952046875 0.8539344262295082 0.9610468750000001 0.8763934426229509 0.959546875 0.925831381733021 0.902578125 0.9280796252927401
0 0.151578125 0.5021545667447307 0.160265625 0.5159250585480094 0.16893750000000002 0.5281733021077284 0.17303125 0.5343091334894614 0.1628125 0.5320140515222482 0.157703125 0.533536299765808 0.153109375 0.541967213114754 0.151578125 0.5526697892271663 0.149015625 0.5611007025761124 0.14953125 0.578711943793911 0.15209375 0.5901873536299765 0.15515625 0.6009133489461358 0.15209375 0.6108430913348946 0.138296875 0.5924824355971897 0.131140625 0.5710538641686183 0.13165625 0.554215456674473 0.1331875 0.539672131147541 0.132171875 0.5258782201405152 0.12859375 0.5144028103044497 0.1326875 0.5090398126463701 0.13471875 0.4929742388758782 0.141359375 0.4899063231850117 0.147484375 0.49220140515222477
0 0.29235937500000003 0.9820140515222482 0.29235937500000003 0.9101170960187354 0.281875 0.8359484777517564 0.289359375 0.7730444964871194 0.299859375 0.7955035128805621 0.305859375 0.7775175644028103 0.29685937500000004 0.7415690866510538 0.286359375 0.7078688524590163 0.27737500000000004 0.6898829039812646 0.25787499999999997 0.6966276346604215 0.256375 0.7168618266978923 0.259375 0.7393208430913348 0.24739062500000003 0.7393208430913348 0.245890625 0.7865105386416861 0.239890625 0.8359484777517564 0.245890625 0.8853864168618267 0.260875 0.9101170960187354 0.254875 0.9595550351288057 0.256375 0.9842622950819672 0.27137500000000003 0.9887587822014051 0.293859375 0.9865105386416863
0 0.9805468749999999 0.9887587822014051 1.0 0.9865105386416863 1.0 0.8112412177985948 0.98953125 0.8247306791569087 0.99553125 0.860679156908665 0.98803125 0.8763934426229509 0.965546875 0.8988758782201405 0.9625468749999999 0.9415690866510539 0.9565468750000001 0.9595550351288057 0.967046875 0.9775175644028102 0.9805468749999999 0.9573067915690866 0.9805468749999999 0.9842622950819672
0 0.541921875 0.45751756440281033 0.54971875 0.4620140515222482 0.55153125 0.47281030444964867 0.555734375 0.48180327868852457 0.55753125 0.49259953161592507 0.56353125 0.5034192037470726 0.5623437499999999 0.5052224824355972 0.553328125 0.5034192037470726 0.549125 0.5025058548009368 0.547328125 0.5043091334894614 0.547328125 0.5088056206088992 0.538921875 0.5088056206088992 0.535921875 0.5124121779859485 0.53471875 0.5205152224824355 0.534109375 0.5295081967213114 0.536515625 0.5367213114754098 0.537109375 0.5448243559718969 0.53290625 0.5556206088992974 0.531109375 0.5673067915690867 0.52990625 0.5727166276346605 0.528109375 0.5763231850117096 0.5263125 0.5673067915690867 0.5293125 0.5484074941451991 0.52990625 0.5466042154566745 0.5275000000000001 0.5367213114754098 0.5257031249999999 0.5349180327868852 0.520296875 0.5295081967213114 0.51790625 0.5268149882903981 0.51609375 0.5160187353629977 0.5155000000000001 0.506112412177986 0.517296875 0.49892271662763465 0.51790625 0.4935128805620609 0.51909375 0.4881030444964871 0.52090625 0.48360655737704916 0.52390625 0.48000000000000004 0.528703125 0.4773067915690867 0.531703125 0.4764168618266979 0.5323125 0.4737002341920375 0.534109375 0.4665105386416862 0.5353125000000001 0.46110070257611235 0.5431250000000001 0.4592974238875878
0 0.07796875 0.8741686182669789 0.046484375 0.8741686182669789 0.037484375 0.797751756440281 0.029984375 0.730327868852459 0.009 0.732576112412178 0.0165 0.6898829039812646 0.032984374999999996 0.6831381733021077 0.035984375 0.6381967213114754 0.05996875 0.6404449648711944 0.06896875 0.6763934426229508 0.08395312499999999 0.7078688524590163 0.07946875 0.7213583138173302 0.06746875 0.7078688524590163 0.08395312499999999 0.7932552693208431 0.07796875 0.8651756440281031
0 0.47631249999999997 0.9074941451990632 0.47575 0.8892271662763466 0.46854687500000003 0.8718032786885246 0.46578125000000004 0.8668149882903982 0.470765625 0.8493911007025761 0.47631249999999997 0.8277985948477753 0.474640625 0.8078688524590163 0.471875 0.7995784543325527 0.465234375 0.7929274004683841 0.45082812499999997 0.7887822014051522 0.443078125 0.8128571428571428 0.444734375 0.8410772833723653 0.44584375 0.8551990632318501 0.43587499999999996 0.8684777517564403 0.43034375 0.8950351288056206 0.431453125 0.9299063231850117 0.433109375 0.9597892271662763 0.42646875 0.9913348946135832 0.427015625 1.0 0.48460937499999995 1.0
0 0.0 0.9896252927400468 0.023265625 0.8818969555035129 0.063046875 0.8607259953161592 0.107984375 0.8915222482435597 0.12081249999999999 0.924215456674473 0.11182812499999999 0.9896252927400468 0.110546875 1.0 0.005296875 0.9973302107728338
0 0.406734375 0.46046838407494145 0.40378125000000004 0.46046838407494145 0.40146875 0.4609836065573771 0.399171875 0.4634426229508196 0.397859375 0.469367681498829 0.39753125 0.4733021077283372 0.396859375 0.4797189695550351 0.394234375 0.4846604215456674 0.3883125 0.4890866510538642 0.383703125 0.4970023419203747 0.381390625 0.5053864168618267 0.38073437499999996 0.5078454332552693 0.38171875 0.5127868852459017 0.382046875 0.5162295081967213 0.383046875 0.5241217798594848 0.382046875 0.5344964871194379 0.385671875 0.5507728337236534 0.382046875 0.5640983606557377 0.378109375 0.5749414519906323 0.37678124999999996 0.5882669789227166 0.38270312500000003 0.593208430913349 0.38468749999999996 0.5872833723653396 0.38534375 0.5734660421545668 0.387640625 0.5660655737704918 0.387984375 0.5640983606557377 0.391265625 0.554215456674473 0.394234375 0.5453395784543326 0.39325 0.5374473067915692 0.392921875 0.536463700234192 0.39225 0.5325058548009367 0.39192187500000003 0.5285714285714286 0.387640625 0.5152459016393443 0.395546875 0.5177049180327868 0.399828125 0.5162295081967213 0.39718749999999997 0.5083372365339579 0.404109375 0.5078454332552693 0.41003125 0.5078454332552693 0.41365625 0.5073536299765807 0.41728125 0.5063700234192038 0.42189062499999996 0.5019203747072599 0.428140625 0.5093208430913349 0.42418750000000005 0.49995316159250586 0.41760937499999995 0.49107728337236534 0.41431250000000003 0.48416861826697893 0.41431250000000003 0.477751756440281 0.413 0.46985948477751754 0.411671875 0.46540983606557373
