0 0.3519343696027634 0.830703125 0.3640587219343696 0.706796875 0.3783246977547496 0.708078125 0.3840414507772021 0.637734375 0.37119170984455957 0.5996718750000001 0.3483765112262522 0.582890625 0.35264248704663215 0.5719218749999999 0.3519343696027634 0.545453125 0.3376683937823834 0.5422343749999999 0.3262521588946459 0.541578125 0.30984455958549223 0.5525625 0.31911917098445597 0.5777187500000001 0.2920207253886011 0.5880468750000001 0.27203799654576855 0.6048281249999999 0.2677547495682211 0.6545156249999999 0.2813126079447323 0.673875 0.284887737478411 0.72034375 0.28844559585492224 0.8248906249999999 0.27632124352331605 0.830703125 0.29701208981001725 0.8487656250000001 0.31483592400690846 0.843609375 0.3241105354058722 0.72809375 0.3298272884283247 0.84940625 0.35050086355785837 0.8481249999999999 0.36335060449050083 0.83328125 0.3569257340241796 0.8268281249999999
0 0.16601036269430053 0.5634375 0.16601036269430053 0.570640625 0.16202072538860104 0.577859375 0.1527288428324698 0.5838593750000001 0.143419689119171 0.5898749999999999 0.14077720207253888 0.59828125 0.13678756476683937 0.61990625 0.15006908462867014 0.67878125 0.1487392055267703 0.698015625 0.13678756476683937 0.7953281249999999 0.14077720207253888 0.8145625000000001 0.16069084628670122 0.825375 0.17264248704663213 0.8277812499999999 0.1872538860103627 0.8277812499999999 0.19787564766839377 0.82296875 0.20849740932642488 0.8145625000000001 0.21647668393782385 0.800140625 0.21780656303972365 0.7965312499999999 0.2204490500863558 0.77490625 0.22443868739205525 0.74246875 0.23772020725388598 0.669171875 0.2470120898100173 0.65115625 0.2523316062176166 0.6331249999999999 0.2523316062176166 0.61390625 0.23241796200345421 0.573046875 0.2204490500863558 0.564640625 0.2204490500863558 0.546609375 0.21115716753022454 0.52859375 0.2045250431778929 0.5249843750000001 0.18459412780656304 0.52859375 0.1806217616580311 0.532203125 0.17264248704663213 0.5406093750000001
0 0.5108635578583766 0.58690625 0.5241105354058722 0.56465625 0.5278929188255612 0.5543750000000001 0.5203281519861831 0.53725 0.5203281519861831 0.5252656250000001 0.5278929188255612 0.51840625 0.5525043177892919 0.516703125 0.5638687392055268 0.54753125 0.5581865284974094 0.55265625 0.586580310880829 0.574921875 0.5922625215889464 0.593765625 0.5884628670120898 0.634859375 0.5846804835924007 0.6810937499999999 0.5827979274611399 0.73246875 0.5884628670120898 0.778703125 0.5846804835924007 0.8112343750000001 0.5752158894645941 0.8335000000000001 0.5278929188255612 0.8335000000000001 0.5070811744386874 0.8163750000000001 0.5184283246977548 0.8146718749999999 0.5241105354058722 0.7495937500000001 0.5203281519861831 0.701640625 0.5127633851468049 0.67425 0.5127633851468049 0.657125 0.5045595854922279 0.643421875 0.48184801381692577 0.645140625 0.47426597582038 0.636578125 0.4761658031088083 0.616015625 0.4988773747841106 0.6211562500000001 0.5102417962003455 0.593765625
0 0.43924006908462865 0.56296875 0.4402245250431779 0.5661562499999999 0.44008635578583766 0.572375 0.4423316062176166 0.589046875 0.43924006908462865 0.58878125 0.4369948186528498 0.5847187500000001 0.436580310880829 0.574546875 0.43545768566493953 0.5756875 0.43573402417962004 0.585859375 0.4322107081174439 0.589046875 0.42911917098445596 0.586625 0.43179620034542315 0.585484375 0.4313816925734024 0.578234375 0.43179620034542315 0.574796875 0.4313816925734024 0.5686875 0.43587219343696026 0.563484375
0 0.25034542314335057 0.55309375 0.25184801381692573 0.560546875 0.24860103626943006 0.562703125 0.24922279792746116 0.56553125 0.2528497409326425 0.567109375 0.26122625215889467 0.567328125 0.2643350604490501 0.56428125 0.26621761658031085 0.55953125 0.263713298791019 0.555921875 0.2607253886010363 0.55421875 0.26010362694300515 0.550828125 0.26034542314335063 0.5487968750000001 0.2598445595854922 0.546546875 0.2557167530224525 0.547109375 0.2549740932642487 0.5499375 0.2529706390328152 0.55184375
0 0.37162348877374785 0.561578125 0.37740932642487046 0.5660000000000001 0.37696027633851464 0.57225 0.3745077720207254 0.573859375 0.37473229706390326 0.58009375 0.36649395509499133 0.5795 0.36604490500863557 0.57225 0.3633851468048359 0.571234375 0.36583765112262523 0.563578125 0.36694300518134715 0.5617656249999999 0.36784110535405873 0.560359375 0.3693955094991364 0.557140625 0.37162348877374785 0.5587500000000001 0.3725043177892919 0.561375
0 0.14661485319516407 0.565140625 0.14661485319516407 0.55334375 0.14754749568221073 0.5488593749999999 0.14941278065630398 0.544640625 0.15345423143350603 0.547453125 0.15500863557858377 0.5530625 0.15500863557858377 0.555875 0.1556131260794473 0.5615 0.15407599309153713 0.5642968749999999 0.1509671848013817 0.5642968749999999 0.1487910189982729 0.5642968749999999
0 0.4962521588946459 0.5545312499999999 0.49701208981001727 0.55003125 0.4966321243523316 0.54865625 0.4958721934369603 0.547953125 0.4958721934369603 0.5451875 0.4962521588946459 0.54346875 0.4989291882556131 0.5451875 0.4985492227979275 0.54553125 0.4989291882556131 0.5462343749999999 0.4993091537132988 0.5507187499999999 0.4993091537132988 0.552453125 0.4985492227979275 0.5531406249999999 0.4981692573402418 0.5531406249999999
0 0.4162694300518135 0.56540625 0.41469775474956827 0.562828125 0.4136960276338515 0.5564843749999999 0.4144214162348877 0.552734375 0.41683937823834194 0.5488593749999999 0.42 0.5511874999999999 0.4205699481865285 0.556359375 0.4202763385146805 0.561796875 0.4191364421416235 0.56334375 0.418272884283247 0.561265625
0 0.07911917098445596 0.5024375 0.07941278065630397 0.511265625 0.0781174438687392 0.51503125 0.07468048359240069 0.514109375 0.07354058721934369 0.50309375 0.07784110535405872 0.50128125
0 0.46989637305699483 0.55259375 0.4713471502590674 0.5505625000000001 0.4714680483592401 0.548640625 0.47246977547495683 0.546421875 0.47481865284974095 0.54490625 0.4765975820379965 0.545 0.47739205526770295 0.548546875 0.47727115716753016 0.5524843749999999 0.4764939550949913 0.55571875 0.47246977547495683 0.55621875 0.4719170984455959 0.555015625 0.4741450777202072 0.554109375 0.47426597582038 0.5526875 0.4725906735751295 0.55228125 0.4705699481865285 0.5535
