0 0.31664 0.622135231316726 0.30595999999999995 0.5998220640569395 0.29668 0.5899288256227758 0.29528 0.6105693950177936 0.30132 0.6312455516014235 0.29668 0.6238078291814947 0.28228 0.5882562277580071 0.27996 0.5725622775800712 0.26974000000000004 0.5543772241992883 0.26788 0.5287544483985765 0.27392 0.5048042704626334 0.2925 0.482491103202847 0.30318 0.45768683274021355 0.32036000000000003 0.45686832740213523 0.32268 0.47423487544483983 0.32639999999999997 0.5031316725978647 0.33708 0.5395017793594306 0.33754 0.5395017793594306 0.33662000000000003 0.5708896797153025 0.33382 0.5857651245551602 0.32872 0.5990035587188612
0 0.82584 0.7505693950177936 0.8225 0.7505693950177936 0.81902 0.7501067615658363 0.8166 0.7493594306049822 0.8144600000000001 0.7472241992882562 0.81392 0.7429537366548044 0.8144600000000001 0.7379359430604983 0.81486 0.7345907473309609 0.81472 0.7319572953736655 0.8158 0.7291103202846975 0.81648 0.7283985765124555 0.8166 0.7253024911032029 0.81714 0.7217081850533809 0.8183400000000001 0.7202846975088968 0.8202200000000001 0.7217081850533809 0.8202200000000001 0.7255516014234875 0.82048 0.7276868327402135 0.8217000000000001 0.7291103202846975 0.82316 0.7293594306049822 0.8241 0.7310320284697508 0.82438 0.7331672597864769 0.8241 0.7350889679715302 0.82182 0.7358007117437723 0.82076 0.7379359430604983 0.8214199999999999 0.7398576512455516 0.82264 0.7403202846975089 0.82264 0.7424555160142349 0.8229 0.7446263345195729 0.8251799999999999 0.7455516014234875 0.82626 0.7477224199288257 0.82678 0.748185053380783
0 0.87654 0.7220996441281139 0.87628 0.7325978647686833 0.87506 0.7371174377224199 0.87252 0.7395017793594306 0.8709199999999999 0.7404626334519573 0.87064 0.7378291814946619 0.8709199999999999 0.7282918149466192 0.87106 0.7204270462633452
0 0.8986000000000001 0.7427758007117438 0.8984 0.7358362989323843 0.89958 0.7323843416370107 0.9023 0.728256227758007 0.9018999999999999 0.7320284697508896 0.90288 0.7393238434163701 0.90288 0.7430960854092526 0.9023 0.7469039145907473 0.9023 0.7472597864768683 0.9018999999999999 0.7507117437722419 0.90132 0.7541637010676157 0.9009400000000001 0.7552313167259787 0.899 0.7541637010676157 0.8987999999999999 0.751067615658363 0.899 0.7496797153024911 0.8986000000000001 0.7479359430604982 0.8987999999999999 0.7455160142348755
0 0.6210399999999999 0.7245195729537367 0.62114 0.7156583629893238 0.62258 0.7095017793594306 0.62564 0.7101779359430606 0.62564 0.7185409252669039 0.62536 0.7279359430604982 0.6193200000000001 0.729644128113879
0 0.58756 0.6880071174377225 0.5822200000000001 0.675017793594306 0.57686 0.6862633451957295 0.57686 0.7001067615658363 0.57686 0.7053024911032029 0.57686 0.7130960854092526 0.57784 0.7148398576512456 0.58172 0.7165480427046264 0.58416 0.715693950177936 0.5866 0.7018505338078291 0.58756 0.6940569395017794
0 0.14836000000000002 0.6269039145907473 0.1492 0.6246975088967971 0.15002000000000001 0.6245195729537367 0.15086000000000002 0.6258007117437723 0.15086000000000002 0.6272597864768683 0.15066 0.6331672597864768 0.152 0.640355871886121 0.152 0.6466548042704626 0.15180000000000002 0.6481138790035588 0.15262 0.6497864768683275 0.15281999999999998 0.6512455516014235 0.15075999999999998 0.651814946619217 0.14981999999999998 0.6503202846975089 0.14930000000000002 0.6503202846975089 0.14836000000000002 0.6516370106761566 0.14734 0.6519928825622776 0.1463 0.651814946619217 0.14587999999999998 0.6484697508896797 0.14558000000000001 0.6460854092526691 0.1466 0.6442348754448398 0.14682 0.6411032028469751 0.1466 0.6351957295373666 0.1466 0.6313167259786477 0.14754 0.6291103202846975
0 0.6439600000000001 0.6975444839857651 0.64364 0.6947686832740213 0.64446 0.6937366548042705 0.6456799999999999 0.6949110320284698 0.64634 0.7001423487544485 0.647 0.7059786476868327 0.6469 0.7116725978647687 0.64642 0.7193950177935943 0.64642 0.7237722419928826 0.6431399999999999 0.7258007117437723 0.64232 0.7250533807829181 0.6437200000000001 0.7218505338078292 0.64446 0.716049822064057 0.6437999999999999 0.7119572953736655 0.6419199999999999 0.7093238434163701 0.64142 0.7052669039145908 0.6424 0.7016014234875445 0.6429 0.7006049822064057
0 0.60612 0.6920996441281139 0.60612 0.6987188612099644 0.6062000000000001 0.7023131672597864 0.60638 0.7053024911032029 0.60638 0.707508896797153 0.60612 0.7101423487544485 0.6063 0.7123487544483985 0.60648 0.7145551601423488 0.60736 0.7158007117437722 0.6097400000000001 0.7158007117437722 0.6104400000000001 0.7125266903914591 0.61026 0.7085765124555161 0.61 0.7048398576512456 0.6092000000000001 0.7016725978647687 0.6093 0.6985409252669039 0.6092000000000001 0.6961921708185054 0.6088600000000001 0.6935231316725978 0.60842 0.6924199288256228 0.60814 0.6922775800711743
0 0.17748 0.6495373665480427 0.17638 0.6407829181494662 0.17858000000000002 0.6329893238434164 0.18022 0.641743772241993 0.17966 0.6495373665480427
0 0.6739400000000001 0.7074377224199287 0.67352 0.7017081850533808 0.67416 0.6979003558718861 0.67438 0.6959786476868327 0.67502 0.6952313167259787 0.67544 0.6979003558718861 0.67588 0.7001779359430605 0.6761 0.7040213523131673 0.67802 0.7047686832740213 0.6786599999999999 0.7074377224199287 0.6776 0.708185053380783 0.67544 0.708185053380783
0 0.86538 0.7238434163701067 0.86664 0.7104626334519573 0.86956 0.7119572953736655 0.8704 0.725338078291815
