0 0.562 0.05372916666666667 0.560375 0.07339583333333333 0.560375 0.0870625 0.5591406250000001 0.09252083333333333 0.5484843749999999 0.09416666666666668 0.54396875 0.09797916666666667 0.538640625 0.10564583333333334 0.52471875 0.11710416666666666 0.520609375 0.12477083333333333 0.54396875 0.1253125 0.5464375 0.1253125 0.5361875 0.13841666666666666 0.560375 0.1340625 0.559953125 0.13077083333333334 0.5640625 0.12420833333333332 0.57471875 0.12366666666666666 0.584546875 0.12039583333333333 0.5861875000000001 0.11164583333333335 0.5857812499999999 0.11110416666666666 0.5837343749999999 0.10783333333333332 0.588640625 0.10127083333333334 0.591515625 0.09252083333333333 0.59275 0.07941666666666666 0.59315625 0.06739583333333334 0.591515625 0.057 0.588640625 0.051000000000000004 0.5841406250000001 0.04497916666666667 0.57840625 0.04170833333333333 0.5714375 0.0400625 0.566109375 0.04225 0.562421875 0.051541666666666666
0 0.79115625 0.10293749999999999 0.79115625 0.10202083333333332 0.8012812500000001 0.07322916666666666 0.805328125 0.06783333333333334 0.812078125 0.06152083333333334 0.812078125 0.060625000000000005 0.815453125 0.03722916666666667 0.8296250000000001 0.012020833333333333 0.84178125 0.0138125 0.8519062500000001 0.0318125 0.850546875 0.04533333333333334 0.840421875 0.06152083333333334 0.86 0.08133333333333333 0.845828125 0.12183333333333332 0.8208437500000001 0.11372916666666667 0.820171875 0.10652083333333334 0.8039687499999999 0.10562500000000001 0.787765625 0.10562500000000001
0 0.493734375 0.11308333333333334 0.503640625 0.0890625 0.5162656250000001 0.08185416666666666 0.522578125 0.07583333333333334 0.52528125 0.06020833333333333 0.52978125 0.03979166666666667 0.5369843750000001 0.036187500000000004 0.549609375 0.031375 0.565828125 0.04579166666666667 0.559515625 0.08424999999999999 0.532484375 0.10947916666666666 0.51896875 0.12389583333333333 0.5162656250000001 0.12510416666666666 0.494640625 0.12510416666666666
0 0.10496875000000001 0.13391666666666666 0.0960625 0.07608333333333334 0.0905 0.03754166666666667 0.060484375 0.03902083333333333 0.05603125 0.006395833333333333 0.13165625 0.004916666666666666 0.165015625 0.004916666666666666 0.182796875 0.11166666666666666 0.19503125 0.13983333333333334 0.10496875000000001 0.13983333333333334
0 0.48889062499999997 0.10583333333333332 0.466578125 0.06862499999999999 0.47534375000000006 0.04841666666666666 0.47853124999999996 0.03991666666666667 0.47534375000000006 0.017604166666666664 0.48171875000000003 0.006958333333333333 0.51121875 0.015479166666666665 0.515203125 0.023979166666666666 0.509625 0.04416666666666667 0.512015625 0.056937499999999995 0.500859375 0.0675625 0.50325 0.07925
0 0.599796875 0.019625 0.6100156250000001 0.02814583333333333 0.6112968750000001 0.0421875 0.61065625 0.057937499999999996 0.608421875 0.06433333333333333 0.605859375 0.06602083333333333 0.6061875 0.07368749999999999 0.6176875 0.09327083333333334 0.6269375 0.08689583333333334 0.626296875 0.06731250000000001 0.62215625 0.05708333333333333 0.6183125 0.05283333333333333 0.6218281250000001 0.04772916666666667 0.6231093750000001 0.034958333333333334 0.62246875 0.020041666666666666 0.6112968750000001 0.011541666666666667 0.602671875 0.013229166666666665 0.5982031250000001 0.018354166666666668 0.60203125 0.022604166666666665
0 0.282390625 0.0014166666666666668 0.28171875 0.029312500000000002 0.2864375 0.06620833333333334 0.28846875 0.09502083333333333 0.296578125 0.103125 0.30196875 0.11572916666666666 0.326953125 0.0878125 0.32829687500000004 0.062625 0.334375 0.03202083333333333 0.319515625 0.0014166666666666668
0 0.8611093750000001 0.07866666666666666 0.844359375 0.059812500000000005 0.852734375 0.039562499999999994 0.859015625 0.045145833333333336 0.8663437500000001 0.060520833333333336 0.867390625 0.07447916666666667 0.8585 0.08145833333333334
0 0.42878125 0.066875 0.430375 0.052000000000000005 0.42318749999999994 0.033937499999999995 0.42159375 0.01904166666666667 0.43674999999999997 0.008416666666666666 0.44870312500000004 0.025416666666666664 0.451890625 0.0679375 0.439140625 0.0636875 0.43276562500000004 0.06475
0 0.201671875 0.14291666666666666 0.27459375 0.139375 0.27846875 0.14550000000000002 0.27434375 0.16004166666666667 0.27360937500000004 0.16520833333333332 0.265375 0.16941666666666666 0.24987499999999999 0.16972916666666665 0.240421875 0.17295833333333333 0.21887500000000001 0.18620833333333334 0.22443749999999998 0.19233333333333333 0.24503124999999998 0.1875 0.260296875 0.18458333333333332 0.27409374999999997 0.19233333333333333 0.273859375 0.21591666666666667 0.269015625 0.227875 0.26440625 0.24983333333333332 0.21790625000000002 0.255 0.21742187500000001 0.2427291666666667 0.21742187500000001 0.237875 0.21742187500000001 0.2320625 0.21403124999999998 0.2256041666666667 0.207484375 0.21914583333333332 0.201421875 0.19879166666666667 0.20070312499999998 0.183625 0.201421875 0.17489583333333333 0.203609375 0.1661875 0.191984375 0.14614583333333334 0.193921875 0.14325000000000002
0 0.331140625 0.08777083333333334 0.32965625 0.07889583333333333 0.330765625 0.0725 0.33815625 0.05035416666666667 0.342578125 0.043479166666666666 0.34146875 0.0370625 0.339625 0.02575 0.33999999999999997 0.022312500000000002 0.34368750000000003 0.018875 0.34921875 0.017395833333333333 0.35734374999999996 0.018375 0.362875 0.02672916666666667 0.362875 0.037562500000000006 0.3588125 0.04741666666666667 0.3588125 0.05035416666666667 0.36103125 0.056749999999999995 0.373578125 0.064625 0.379125 0.06708333333333334 0.381328125 0.07102083333333334 0.38059375 0.07989583333333333 0.367671875 0.07595833333333334 0.35696875 0.07152083333333333 0.361765625 0.08235416666666667 0.3595625 0.09120833333333334 0.35550000000000004 0.09168749999999999 0.341109375 0.09070833333333334 0.335203125 0.09022916666666667
0 0.00828125 0.002 0.026296874999999997 0.021895833333333333 0.028875 0.027395833333333335 0.0309375 0.039749999999999994 0.035562500000000004 0.046625 0.038656249999999996 0.048666666666666664 0.04071875 0.057604166666666665 0.056671875000000003 0.13310416666666666 0.036078125 0.13172916666666665 0.02578125 0.13035416666666666 0.02321875 0.13241666666666668 0.020125 0.13104166666666667 0.01703125 0.12622916666666667 0.012921875 0.12347916666666667 0.01034375 0.1186875 0.0015937500000000001 0.11800000000000001 0.0005625 0.11800000000000001 0.0 0.039749999999999994 0.0 0.0013125
0 0.7378750000000001 0.05239583333333333 0.7345625 0.04825 0.7345625 0.03222916666666667 0.740984375 0.0012708333333333332 0.780375 0.0009791666666666666 0.778515625 0.015083333333333334 0.77934375 0.030291666666666665 0.7764375 0.035270833333333335 0.76753125 0.042458333333333334 0.761515625 0.0474375 0.7594375 0.0526875
