0 0.7832656250000001 0.7496478873239437 0.78028125 0.7496478873239437 0.778796875 0.7496478873239437 0.7758125 0.7317605633802817 0.78028125 0.7272769953051643 0.7847500000000001 0.7295305164319248 0.7847500000000001 0.736244131455399 0.7847500000000001 0.7519014084507042
0 0.423703125 0.7557276995305164 0.42109375 0.7532159624413146 0.42015624999999995 0.7459154929577465 0.42034374999999996 0.736924882629108 0.42034374999999996 0.7335446009389671 0.425203125 0.732981220657277 0.427078125 0.743943661971831 0.42557812500000003 0.7529342723004695
0 0.412203125 0.7526760563380281 0.41460937500000006 0.7517136150234742 0.415046875 0.7479342723004695 0.415921875 0.7456338028169014 0.416796875 0.7428403755868545 0.416796875 0.7405633802816902 0.416140625 0.7377699530516433 0.415703125 0.7356338028169014 0.4140625 0.7341549295774648 0.4131875 0.7356338028169014 0.412640625 0.7402347417840375 0.41176562499999997 0.747112676056338 0.41165624999999995 0.7500704225352112
0 0.3953125 0.7503051643192488 0.39625 0.7424413145539905 0.397921875 0.7359859154929577 0.398671875 0.7331924882629107 0.401109375 0.7348591549295775 0.40278125 0.7404929577464788 0.40278125 0.7486384976525822 0.401109375 0.7548122065727699 0.400171875 0.7525586854460093 0.399609375 0.7500234741784038 0.398859375 0.7463849765258216 0.398484375 0.7528403755868545 0.397546875 0.7548122065727699 0.39587500000000003 0.7517136150234742
0 0.36346875 0.7369014084507043 0.364 0.7345539906103287 0.36440625 0.7339201877934272 0.365765625 0.7339201877934272 0.365765625 0.7356338028169014 0.365671875 0.7373708920187794 0.366609375 0.7401877934272301 0.366390625 0.7423943661971831 0.3661875 0.7503990610328639 0.365453125 0.7544835680751174 0.36535937500000004 0.7561971830985915 0.362640625 0.7563615023474178 0.3630625 0.7489906103286385 0.362640625 0.744906103286385 0.36275 0.7409859154929578 0.362953125 0.7381455399061032 0.36378125 0.7380046948356808
0 0.35684375 0.7551643192488262 0.35998437499999997 0.7538967136150235 0.36067187500000003 0.7518544600938968 0.360328125 0.7469953051643193 0.36025 0.7435446009389671 0.36015625 0.7403521126760563 0.3598125 0.7390845070422536 0.358375 0.7385680751173709 0.358203125 0.7385680751173709 0.35726562500000003 0.7404694835680751 0.356671875 0.7440610328638498 0.356671875 0.7472535211267606 0.3565 0.750962441314554
0 0.301984375 0.7602112676056338 0.30076562500000004 0.7600234741784038 0.3005 0.7539671361502347 0.299703125 0.7503521126760563 0.299828125 0.7442957746478873 0.301171875 0.7418779342723005 0.30184375 0.7392723004694836 0.3031875 0.7386619718309859 0.30359375 0.7412910798122067 0.30425 0.7441079812206572 0.30559375 0.7467136150234742 0.303453125 0.749131455399061 0.30371875 0.7608215962441315
0 0.24678125 0.7510328638497652 0.24553124999999998 0.7492957746478873 0.24495312500000002 0.7462676056338029 0.242546875 0.7453990610328639 0.24206249999999999 0.7474178403755868 0.24234375 0.7513380281690141 0.242546875 0.755962441314554 0.242453125 0.7630516431924883 0.24234375 0.7640610328638497 0.242453125 0.7646478873239437 0.243796875 0.7656572769953052 0.24659375 0.7650704225352113 0.2466875 0.7614553990610329 0.246203125 0.7581220657276995 0.246203125 0.7571126760563379 0.246875 0.7558215962441315 0.24803125 0.7566901408450705 0.248234375 0.7548122065727699 0.24775 0.7507511737089202
0 0.305234375 0.7223474178403757 0.303921875 0.7198826291079813 0.3035 0.7174178403755869 0.3035 0.7136619718309859 0.303171875 0.7116901408450704 0.30339062499999997 0.7070892018779343 0.30446875 0.7059389671361502 0.306984375 0.7082394366197182 0.30709375 0.708568075117371 0.30753125 0.7103755868544601 0.308296875 0.7116901408450704 0.3081875 0.7125117370892018 0.307421875 0.7159389671361502 0.306984375 0.7208685446009389 0.306328125 0.7223474178403757 0.30621875 0.7225117370892019
0 0.29953124999999997 0.7207042253521126 0.29953124999999997 0.7179577464788733 0.299140625 0.7162206572769954 0.2985625 0.711737089201878 0.29943749999999997 0.7078403755868545 0.30096875 0.7062441314553991 0.3019375 0.7061032863849765 0.30260937499999996 0.7065258215962442 0.30270312499999996 0.7097183098591549 0.303 0.7124647887323944 0.3031875 0.7134741784037558 0.3031875 0.7179577464788733 0.30212500000000003 0.7205633802816901 0.3019375 0.7212910798122065 0.301546875 0.7226056338028168 0.3006875 0.7223004694835681 0.3005 0.7223004694835681
0 0.3836875 0.7172535211267606 0.38275000000000003 0.7176760563380282 0.38196875 0.7194131455399062 0.381671875 0.7226525821596245 0.38196875 0.7246948356807512 0.38296874999999997 0.7261032863849766 0.38440625 0.7255633802816901 0.385046875 0.7253521126760564 0.38606250000000003 0.7208215962441314 0.384984375 0.7186619718309859 0.384125 0.7177934272300469
0 0.40728125000000004 0.7526760563380281 0.40578125 0.7334741784037558 0.40728125000000004 0.7278169014084507 0.411046875 0.7346009389671362 0.41029687499999995 0.7492957746478873 0.41029687499999995 0.7492957746478873
0 0.449515625 0.7482159624413146 0.44839062500000004 0.7428403755868545 0.44890625 0.7399295774647887 0.4498125 0.7367136150234741 0.449609375 0.7325586854460093 0.447265625 0.732112676056338 0.44521875 0.7350234741784037 0.4445 0.7422300469483568 0.44409375000000006 0.7463849765258216 0.44337499999999996 0.7491549295774648 0.44542187499999997 0.7500704225352112 0.44634375000000004 0.7474647887323944 0.447671875 0.7491549295774648 0.4493125 0.7500704225352112 0.449609375 0.7489906103286385
