0 0.003359375 0.6143541666666666 0.0723125 0.5515625 0.10089062499999998 0.5268958333333333 0.17489062500000002 0.5291458333333333 0.26065625 0.5695 0.3026875 0.6591875 0.3211875 0.7668125 0.317828125 0.8766875 0.353140625 0.9192916666666666 0.36490625 0.9843125 0.332953125 0.9820625 0.0 0.9843125 0.0016875000000000002 0.6143541666666666
0 0.357125 0.6500625 0.32859375 0.5183125 0.3540625 0.42325 0.4019375 0.4015 0.44167187500000005 0.3675625 0.46509375000000003 0.3825 0.489546875 0.44225 0.53334375 0.5196666666666666 0.5335625 0.5527916666666666 0.49496874999999996 0.5058125 0.491609375 0.537125 0.41778125 0.5416041666666668 0.442953125 0.6221458333333333 0.404359375 0.7205833333333334 0.392625 0.8794166666666666 0.355703125 0.9107291666666666 0.35234375 0.8011041666666666 0.35234375 0.7205833333333334 0.34228125 0.6556875000000001
0 0.579234375 0.3481666666666667 0.57284375 0.3423125 0.57003125 0.3316458333333333 0.5724375 0.32525 0.57084375 0.31779166666666664 0.57803125 0.3076458333333333 0.584828125 0.30124999999999996 0.59403125 0.3017916666666667 0.603625 0.3060625 0.608421875 0.31725 0.6096250000000001 0.34495833333333337
0 0.22604687499999998 0.5042708333333333 0.2251875 0.4661458333333333 0.22951562499999997 0.44535416666666666 0.232109375 0.436125 0.23298437500000002 0.4291875 0.234703125 0.417625 0.238171875 0.40839583333333335 0.23904687500000002 0.4014583333333333 0.23904687500000002 0.3783541666666667 0.23557812500000003 0.359875 0.23557812500000003 0.34370833333333334 0.241640625 0.3333125 0.251171875 0.32637499999999997 0.257234375 0.3252083333333333 0.26764062499999997 0.32175 0.276296875 0.3252083333333333 0.28409375 0.32637499999999997 0.29015625 0.33214583333333336 0.29709375 0.34139583333333334 0.30228125 0.3448541666666667 0.30575 0.3529375 0.30315625 0.36564583333333334 0.2996875 0.3725833333333333 0.2996875 0.38643750000000004 0.301421875 0.4003125 0.29709375 0.40377083333333336 0.29621875000000003 0.4060833333333333 0.29362499999999997 0.4107083333333333 0.29276562500000003 0.41302083333333334 0.29015625 0.4164791666666667 0.285828125 0.42110416666666667 0.282359375 0.4245625 0.28495312500000003 0.4291875 0.289296875 0.4338125 0.28495312500000003 0.44072916666666667 0.2815 0.44652083333333337 0.2815 0.45691666666666664 0.29015625 0.4811666666666667 0.2754375 0.4765416666666667 0.273703125 0.47422916666666665 0.2624375 0.46845833333333337 0.24510937500000002 0.47539583333333335 0.24078125 0.4857916666666667
0 0.28103125 0.32316666666666666 0.294453125 0.30825 0.312359375 0.3172083333333333 0.317953125 0.33808333333333335 0.319078125 0.3440625 0.319078125 0.36493749999999997 0.319078125 0.3798541666666667 0.310125 0.39775 0.324671875 0.40670833333333334 0.3325 0.42758333333333337 0.334734375 0.43654166666666666 0.334734375 0.43654166666666666 0.34395312499999997 0.4579166666666667 0.33801562500000004 0.48072916666666665 0.331734375 0.46629166666666666 0.32825000000000004 0.45979166666666665 0.317765625 0.455125 0.315671875 0.451875 0.311484375 0.4295208333333333 0.31009375 0.4192916666666667 0.31078125 0.4076458333333333 0.313578125 0.40299999999999997 0.31078125 0.40206250000000004 0.309390625 0.39739583333333334 0.3086875 0.39089583333333333 0.309046875 0.3867083333333333 0.30240625 0.37925 0.301359375 0.37879166666666664 0.298921875 0.3706041666666666 0.301359375 0.36875 0.30659375 0.35291666666666666 0.299609375 0.34175 0.295421875 0.3408125 0.29089062499999996 0.33197916666666666 0.28634375 0.32779166666666665 0.28250000000000003 0.32406250000000003
0 0.14884375 0.5221250000000001 0.13434375 0.4780625 0.131109375 0.4490416666666667 0.14078125 0.4350833333333333 0.1609375 0.42541666666666667 0.171421875 0.4157291666666667 0.16899999999999998 0.3835 0.173828125 0.36414583333333334 0.18028125 0.36091666666666666 0.190765625 0.4200416666666667 0.19640625 0.4168125 0.19398437500000001 0.42756249999999996 0.189953125 0.43614583333333334 0.177859375 0.450125 0.15609375 0.5135416666666667 0.163359375 0.5275 0.15126562500000001 0.5296666666666667 0.1448125 0.5146041666666666
0 0.32553125 0.40779166666666666 0.33940625 0.40779166666666666 0.343453125 0.3846875 0.33246875 0.354625 0.34576562499999997 0.33689583333333334 0.36021875 0.33920833333333333 0.368890625 0.36541666666666667 0.374078125 0.40239583333333334 0.384484375 0.4116458333333333 0.35328125 0.4270625 0.343453125 0.44325 0.342296875 0.4440208333333333 0.329578125 0.4162708333333333
0 0.49437499999999995 0.37397916666666664 0.51715625 0.350625 0.51015625 0.31325000000000003 0.5267968749999999 0.2910625 0.5390625 0.3003958333333333 0.5478125 0.31325000000000003 0.5495625000000001 0.3354375 0.5504374999999999 0.3459583333333333 0.562703125 0.36112500000000003 0.552203125 0.37514583333333335 0.5443125 0.35762499999999997 0.536421875 0.35762499999999997 0.527671875 0.3669791666666667 0.51803125 0.38333333333333336 0.51015625 0.4078541666666667
0 0.735390625 0.33920833333333333 0.729328125 0.3311041666666667 0.7251562500000001 0.3280625 0.73121875 0.3255416666666667 0.733125 0.31947916666666665 0.733125 0.3128958333333333 0.729328125 0.3027708333333334 0.7278125 0.29770833333333335 0.71984375 0.2946875 0.716046875 0.2967083333333333 0.71415625 0.2967083333333333 0.708078125 0.3063125 0.7073125 0.31187499999999996 0.70996875 0.3128958333333333 0.710359375 0.31795833333333334 0.70959375 0.3265416666666667 0.7122499999999999 0.33008333333333334 0.71415625 0.33920833333333333 0.712625 0.34122916666666664
0 0.225875 0.5576458333333334 0.1570625 0.52 0.18 0.4423541666666667 0.1870625 0.4235208333333333 0.17646875 0.36000000000000004 0.18882812499999999 0.33177083333333335 0.24 0.3411666666666667 0.24353125000000003 0.39764583333333337 0.22940624999999998 0.47293749999999996 0.22940624999999998 0.5388333333333333
0 0.35153124999999996 0.3297291666666667 0.3615625 0.32749999999999996 0.36825 0.31945833333333334 0.366921875 0.311 0.36657812500000003 0.3002916666666666 0.36657812500000003 0.2989583333333333 0.370265625 0.2851458333333333 0.38296874999999997 0.2784583333333333 0.392328125 0.2784583333333333 0.3986875 0.2797916666666667 0.40303125 0.29137500000000005 0.405375 0.31366666666666665 0.404359375 0.32527083333333334 0.40971875 0.334625 0.42074999999999996 0.3453333333333333 0.431109375 0.3618125 0.42876562500000004 0.36762500000000004 0.40971875 0.38679166666666664 0.39834375 0.40372916666666664 0.394 0.40862499999999996 0.376609375 0.4041666666666667 0.37293750000000003 0.40372916666666664 0.37259375 0.3872291666666667 0.37259375 0.35870833333333335 0.3719375 0.3502291666666667 0.367578125 0.3390833333333333 0.36190625 0.334625 0.3575625 0.3337291666666667
0 0.966234375 0.7420625 0.948703125 0.6823333333333333 0.94675 0.6433541666666667 0.948703125 0.6355625 0.94675 0.6329791666666666 0.96428125 0.5654375 0.970125 0.54725 0.97596875 0.5316666666666666 0.99740625 0.4875208333333333 1.0 0.6511458333333333 0.9935 0.6641458333333333 0.9993437500000001 0.736875
0 0.766734375 0.2675416666666666 0.756765625 0.2793541666666667 0.7534375 0.3000208333333333 0.754921875 0.31035416666666665 0.753078125 0.3177291666666667 0.7456875000000001 0.3310208333333333 0.742 0.33939583333333334 0.744953125 0.3423333333333333 0.756765625 0.33839583333333334 0.75971875 0.3182291666666667 0.768203125 0.30052083333333335 0.78075 0.29116666666666663 0.790359375 0.2842708333333333 0.7925625000000001 0.28231249999999997 0.785546875 0.27541666666666664 0.7770625 0.2719791666666667 0.77115625 0.2705
