0 0.33614062499999997 0.2878125 0.309515625 0.2878125 0.308546875 0.2768333333333333 0.319203125 0.26587500000000003 0.319203125 0.25425000000000003 0.32742187500000003 0.25554166666666667 0.32790625 0.26716666666666666 0.33371875 0.2723125 0.337109375 0.2839375
0 0.339328125 0.32714583333333336 0.342984375 0.3404583333333333 0.33865625 0.3502291666666667 0.33965625 0.36043749999999997 0.3453125 0.3644375 0.354640625 0.3644375 0.35164062500000004 0.34979166666666667 0.35331250000000003 0.339125 0.358625 0.3329166666666667 0.35496875 0.31916666666666665 0.35729687499999996 0.3138333333333333 0.357640625 0.30185416666666665 0.3543125 0.29075 0.35096875 0.2876458333333333 0.35364062500000004 0.277875 0.348640625 0.2685625 0.341328125 0.2765625 0.34065625 0.2845416666666667 0.335 0.29254166666666664 0.33599999999999997 0.3111666666666667 0.33965625 0.32316666666666666
0 0.42242187500000006 0.2803125 0.42159375 0.2671875 0.419546875 0.2639166666666667 0.41381249999999997 0.26335416666666667 0.412984375 0.2688333333333333 0.414625 0.2770208333333333 0.41421875 0.2819375 0.408890625 0.2885 0.40765624999999994 0.30435416666666665 0.41176562499999997 0.3262083333333334 0.413390625 0.33877083333333335 0.41871875000000003 0.33549999999999996 0.42078125 0.34970833333333334 0.43143750000000003 0.34587500000000004 0.43060937499999996 0.3251041666666667 0.427734375 0.28958333333333336 0.42651562500000006 0.28522916666666664
0 0.4539375 0.340625 0.45571875000000006 0.3275625 0.45571875000000006 0.32637499999999997 0.45928125 0.3085625 0.45928125 0.3032083333333333 0.46060937500000004 0.28064583333333337 0.45437500000000003 0.26697916666666666 0.442359375 0.27114583333333336 0.44325000000000003 0.2842083333333333 0.436109375 0.3055833333333334 0.43656249999999996 0.32933333333333337 0.450375 0.34239583333333334 0.4539375 0.3400208333333333
0 0.044 0.2951875 0.040781250000000005 0.28695833333333337 0.04253125 0.28225 0.039015625 0.27597916666666666 0.034609375 0.27558333333333335 0.033140625 0.27558333333333335 0.028140625000000002 0.29008333333333336 0.033140625 0.29360416666666667
0 0.1134375 0.31877083333333334 0.111234375 0.314375 0.1134375 0.3063333333333333 0.11837500000000001 0.31145833333333334 0.11946874999999998 0.3195 0.11946874999999998 0.3275416666666667 0.11837500000000001 0.35531250000000003 0.11837500000000001 0.37139583333333337 0.11453125 0.37725000000000003 0.112890625 0.36189583333333336 0.11068750000000001 0.37579166666666663 0.1063125 0.37579166666666663 0.10740625 0.3494791666666667 0.10740625 0.3392291666666667
0 0.148953125 0.2954583333333333 0.148734375 0.3059791666666667 0.150265625 0.3138958333333333 0.14303125 0.3390625 0.142578125 0.37302083333333336 0.13314062499999998 0.3738958333333333 0.1291875 0.37272916666666667 0.12875 0.36952083333333335 0.12809375 0.34462499999999996 0.12435937500000001 0.34141666666666665 0.12435937500000001 0.3329166666666667 0.12435937500000001 0.32325 0.133359375 0.30422916666666666 0.136 0.29575 0.13796875 0.29135416666666664 0.141484375 0.28958333333333336 0.147859375 0.29281250000000003
0 0.220203125 0.29158333333333336 0.20423437500000002 0.2922291666666667 0.199390625 0.2825416666666667 0.203265625 0.2786666666666667 0.203265625 0.27158333333333334 0.20617187499999998 0.2618958333333333 0.21196874999999998 0.2618958333333333 0.214390625 0.27479166666666666 0.219234375 0.27802083333333333 0.2206875 0.2896458333333333
0 0.25525000000000003 0.3624375 0.250796875 0.36012500000000003 0.250296875 0.32775 0.24509375000000003 0.30927083333333333 0.2483125 0.297375 0.253015625 0.29143749999999996 0.2611875 0.29341666666666666 0.2621875 0.2940625 0.266390625 0.3604583333333334 0.2614375 0.3640833333333333 0.25871875 0.36110416666666667 0.25970312500000003 0.34889583333333335 0.25871875 0.33568749999999997 0.25821875 0.3297291666666667 0.25525000000000003 0.32445833333333335 0.25575000000000003 0.349875
0 0.4101875 0.285125 0.40803124999999996 0.2969791666666667 0.408296875 0.3238958333333333 0.408578125 0.34720833333333334 0.40992187500000005 0.35331250000000003 0.40131249999999996 0.35225 0.395921875 0.32425 0.3943125 0.3123958333333333 0.391890625 0.2951666666666667 0.38946875 0.28045833333333337 0.395109375 0.2783125 0.397 0.26968749999999997 0.40184375 0.2689791666666667 0.404265625 0.27614583333333337 0.404796875 0.282625 0.409375 0.28620833333333334 0.409375 0.28691666666666665
0 0.522203125 0.29608333333333337 0.547390625 0.2946666666666667 0.54634375 0.2839375 0.54425 0.27927083333333336 0.542140625 0.27320833333333333 0.53759375 0.26387499999999997 0.53059375 0.2634166666666667 0.527453125 0.27275 0.5257031249999999 0.2769375 0.5215 0.2825416666666667 0.52325 0.29233333333333333 0.5228906249999999 0.2956041666666666
0 0.92659375 0.2771458333333333 0.925796875 0.2965625 0.92925 0.3078541666666667 0.927921875 0.32302083333333337 0.9284531250000001 0.33925 0.9297812499999999 0.353 0.9334843749999999 0.3593541666666667 0.93903125 0.35583333333333333 0.943 0.355125 0.943 0.355125 0.94353125 0.34631249999999997 0.9432656250000001 0.3350208333333333 0.9416874999999999 0.3244375 0.940890625 0.3075 0.940625 0.2912708333333333 0.9403593750000001 0.2803333333333333 0.9377187499999999 0.27149999999999996 0.9310937499999999 0.2672708333333333 0.926859375 0.2771458333333333
0 0.685640625 0.345 0.685265625 0.3238333333333333 0.6823125 0.29872916666666666 0.6778906250000001 0.28347916666666667 0.6778906250000001 0.2682291666666667 0.6826875 0.26675 0.6815781249999999 0.2573958333333333 0.6933906249999999 0.25002083333333336 0.69634375 0.26083333333333336 0.69559375 0.27166666666666667 0.69375 0.28839583333333335 0.6930156249999999 0.31497916666666664 0.691171875 0.3410625
