0 0.24606 0.44408000000000003 0.25672 0.48757333333333336 0.25732 0.5263466666666666 0.26504 0.5287200000000001 0.26504 0.5097333333333334 0.2686 0.5073599999999999 0.27156 0.5294933333333334 0.27808 0.5247466666666667 0.27452 0.4828266666666667 0.27274 0.44882666666666665 0.268 0.44170666666666664 0.26148000000000005 0.44488000000000005 0.25672 0.4567466666666667
0 0.21081999999999998 0.4809333333333333 0.21180000000000002 0.4524 0.20734 0.44544 0.20734 0.4258666666666666 0.21280000000000002 0.4218666666666666 0.21380000000000002 0.4112533333333333 0.21530000000000002 0.4089333333333333 0.22326 0.40759999999999996 0.22674 0.41159999999999997 0.223 0.41424 0.2225 0.4238666666666666 0.22225999999999999 0.42818666666666666 0.23718 0.4331466666666667 0.23743999999999998 0.4354666666666667 0.22922 0.44210666666666665 0.22774 0.4427733333333333 0.22674 0.45570666666666665 0.23072 0.4586933333333333 0.22748 0.47528 0.22922 0.48392 0.23072 0.5197333333333334 0.22972 0.5233866666666667 0.21330000000000002 0.51808 0.21306 0.5071466666666666 0.21403999999999998 0.5014933333333333
0 0.15238 0.51688 0.15175999999999998 0.49096000000000006 0.15302000000000002 0.47258666666666665 0.15112 0.45586666666666664 0.15175999999999998 0.44165333333333334 0.14924 0.4333066666666667 0.14486000000000002 0.42074666666666666 0.14486000000000002 0.4090666666666667 0.14048 0.4023733333333333 0.13108 0.4015466666666667 0.12982 0.40319999999999995 0.12794 0.40989333333333333 0.12732 0.42994666666666664 0.12732 0.43664000000000003 0.12606 0.44584 0.12544 0.45586666666666664 0.12982 0.4709066666666667 0.13296 0.48677333333333334 0.13232 0.5018133333333333 0.1386 0.51688 0.14862 0.52104 0.15112 0.5227200000000001
0 0.76646 0.37621333333333334 0.78522 0.37335999999999997 0.7796799999999999 0.35176 0.78224 0.34496000000000004 0.78992 0.3415466666666667 0.79588 0.34608 0.79802 0.3540533333333334 0.79502 0.3665333333333333 0.79418 0.37165333333333334 0.8005599999999999 0.37506666666666666 0.801 0.39383999999999997 0.79972 0.4182666666666667 0.77798 0.4228266666666667 0.77116 0.42168 0.77116 0.39610666666666666
0 0.46294 0.4306933333333333 0.46422 0.44949333333333336 0.46934 0.5007466666666667 0.4608 0.49733333333333335 0.4591 0.4882133333333334 0.4591 0.4882133333333334 0.45354 0.48650666666666664 0.45354 0.4967733333333333 0.44842000000000004 0.49733333333333335 0.44798000000000004 0.48194666666666663 0.44327999999999995 0.47626666666666667 0.44842000000000004 0.46202666666666664 0.44883999999999996 0.44834666666666667 0.45226 0.4295466666666667 0.45994 0.4266933333333333
0 0.51698 0.52224 0.50726 0.52224 0.50462 0.5077333333333334 0.50196 0.47944 0.50374 0.46373333333333333 0.50374 0.4504 0.50432 0.43744 0.50932 0.4307733333333333 0.5125599999999999 0.4303733333333333 0.5157999999999999 0.4386133333333333
0 0.6346 0.43370666666666663 0.63832 0.42637333333333327 0.6409600000000001 0.42432000000000003 0.6438200000000001 0.42373333333333335 0.64952 0.4284266666666667 0.6534800000000001 0.4416 0.6547999999999999 0.4497866666666666 0.6528200000000001 0.45858666666666664 0.628 0.4609066666666667 0.6275599999999999 0.45624000000000003 0.62866 0.4497866666666666 0.63042 0.44482666666666665 0.63328 0.43896
0 0.33146 0.42877333333333334 0.3323 0.41912 0.34254 0.4162666666666667 0.34766 0.41797333333333336 0.34638 0.42765333333333333 0.35234 0.4316266666666667 0.3549 0.44469333333333333 0.35746 0.46856000000000003 0.3549 0.48674666666666666 0.3549 0.49413333333333337 0.35958 0.5072266666666667 0.36469999999999997 0.51688 0.36982 0.5214133333333333 0.363 0.52256 0.35106 0.52256 0.34722000000000003 0.50608 0.34638 0.5140266666666666 0.34466 0.5202933333333334 0.33827999999999997 0.5231199999999999 0.33316 0.51688 0.3323 0.49984 0.33274000000000004 0.4884533333333333 0.32932 0.4822133333333334 0.32676 0.47026666666666667 0.32762 0.45208 0.32846 0.4373066666666667 0.3323 0.43389333333333335
0 0.16312000000000001 0.41098666666666667 0.15716 0.40818666666666664 0.15436000000000002 0.4016266666666667 0.14978 0.40536 0.14698 0.41378666666666664 0.15330000000000002 0.42128 0.1561 0.42128 0.1554 0.46152 0.16066 0.48208 0.16102 0.5008 0.16418000000000002 0.5209333333333334 0.16698 0.5167200000000001 0.16348 0.42877333333333334
0 0.23222 0.47568 0.2355 0.45125333333333334 0.23362 0.44311999999999996 0.23926 0.4312266666666667 0.24442 0.4230933333333333 0.25004 0.42184 0.25568 0.4356 0.25474 0.45813333333333334 0.24581999999999998 0.4456266666666667 0.25334 0.46565333333333336 0.25146 0.49506666666666665 0.25004 0.5194933333333334 0.24958000000000002 0.52824 0.23034000000000002 0.52888 0.23362 0.49632000000000004
