0 0.23679687500000002 0.7420208333333334 0.23679687500000002 0.746 0.23331249999999998 0.748 0.23331249999999998 0.7523125 0.23531249999999998 0.7533124999999999 0.23704687500000002 0.7486666666666667 0.24028125 0.749 0.24078125 0.7529791666666666 0.24426562500000001 0.7542916666666667 0.24401562499999999 0.7506458333333333 0.242515625 0.7499791666666666 0.24178125 0.747 0.24326562499999999 0.7446875 0.24153125000000003 0.740375 0.23928124999999997 0.7390416666666667 0.238546875 0.7387083333333333 0.23704687500000002 0.7423541666666666
0 0.41759375 0.8049166666666667 0.419828125 0.7929999999999999 0.42207812499999997 0.7804583333333334 0.41759375 0.76675 0.412671875 0.7619791666666667 0.405078125 0.7637708333333334 0.404171875 0.7756875 0.404171875 0.7846458333333334 0.40551562499999994 0.7977708333333333 0.408203125 0.8073125 0.408203125 0.8096875 0.415359375 0.8096875
0 0.47059375000000003 0.7701250000000001 0.48309375 0.7711041666666667 0.481625 0.8181458333333332 0.46985937499999997 0.8201250000000001 0.46985937499999997 0.794625 0.47426562499999997 0.7750208333333333
0 0.0646875 0.9984999999999999 0.068078125 0.9617916666666667 0.079015625 0.9431875000000001 0.095609375 0.9336458333333333 0.095609375 0.9336458333333333 0.099765625 0.931125 0.11484375 0.9170416666666666 0.12540625 0.9105000000000001 0.13784375 0.9180416666666668 0.14125000000000001 0.9381666666666667 0.13973437500000002 0.9492291666666667 0.13973437500000002 0.95475 0.14125000000000001 0.9617916666666667 0.14125000000000001 0.9643125 0.13709375 0.9638125 0.134078125 0.9562708333333333 0.129546875 0.9587708333333332 0.12690625 0.9622916666666667 0.117109375 0.9648125000000001 0.112578125 0.9708541666666667 0.11559375000000001 0.9859375 0.11521875 0.9964999999999999 0.11559375000000001 0.999
0 0.601265625 0.8048541666666666 0.601265625 0.8048541666666666 0.59859375 0.7986458333333334 0.59659375 0.7973125 0.5975937499999999 0.7884375 0.598265625 0.7848958333333333 0.5975937499999999 0.7813333333333333 0.6009218749999999 0.7808958333333333 0.601265625 0.7808958333333333 0.60359375 0.788 0.6055937499999999 0.7911041666666667 0.60259375 0.8039791666666667
0 0.602921875 0.7856666666666666 0.6031875 0.7851458333333333 0.604234375 0.7846875 0.604890625 0.7846875 0.605953125 0.7853125 0.605953125 0.7883958333333333 0.60675 0.7897916666666667 0.6068125 0.7899583333333333 0.6069375 0.7930416666666668 0.6069375 0.7950625 0.6068749999999999 0.7957708333333334 0.6069375 0.7985 0.607140625 0.8020833333333334 0.606671875 0.8035833333333334 0.607 0.805875 0.605296875 0.8064791666666667 0.6036406249999999 0.8056041666666667 0.602859375 0.8027916666666666 0.605484375 0.7915416666666667 0.6055625 0.7911041666666667
0 0.620484375 0.9054166666666668 0.619859375 0.8792916666666667 0.623859375 0.8669375 0.62934375 0.8677916666666667 0.62934375 0.8809791666666666 0.63628125 0.8888541666666666 0.62975 0.891375 0.62975 0.9062708333333334 0.623640625 0.9346458333333333
0 0.7457812500000001 0.8881875 0.743671875 0.8831249999999999 0.744515625 0.8803125 0.746625 0.8825625 0.74809375 0.8833958333333333 0.749578125 0.8797499999999999 0.748515625 0.8758125 0.74915625 0.8732708333333333 0.74809375 0.8696041666666667 0.75084375 0.8662291666666667 0.7535937500000001 0.8690416666666666 0.753375 0.8715833333333334 0.7531718749999999 0.8741041666666667 0.7546406250000001 0.8783333333333334 0.756125 0.8873541666666667 0.7557031249999999 0.8896041666666666 0.7464062499999999 0.8879166666666667
0 0.6267031249999999 0.8298333333333333 0.63084375 0.8387083333333333 0.6306093749999999 0.8512500000000001 0.63015625 0.8625833333333334 0.6310625 0.8683958333333333 0.627859375 0.8662500000000001 0.624640625 0.8641041666666667 0.6241875 0.8616458333333333 0.62303125 0.8671666666666666 0.6214375000000001 0.8708333333333333 0.61959375 0.8708333333333333 0.618671875 0.8647083333333333 0.618671875 0.8586041666666666 0.6175312500000001 0.845125 0.617765625 0.8374791666666667 0.617765625 0.8338125000000001 0.617984375 0.831375 0.6193593749999999 0.8292291666666666 0.61890625 0.8240208333333333 0.620515625 0.8209583333333333 0.624640625 0.821875 0.627625 0.8270833333333333
0 0.32239062500000004 0.7667083333333333 0.3245625 0.7667083333333333 0.3253125 0.7690208333333334 0.325421875 0.7713333333333333 0.324984375 0.7726875 0.325640625 0.7742291666666666 0.32653125 0.7743749999999999 0.327203125 0.7753541666666667 0.327875 0.7757916666666667 0.3293125 0.7763125 0.329484375 0.77825 0.32859375 0.7794375 0.32575 0.7797291666666666 0.32303125 0.7794375 0.321578125 0.7783958333333333 0.32125 0.7755624999999999 0.32140625 0.7728958333333333 0.322640625 0.7721666666666667 0.322640625 0.7715 0.32214062499999996 0.7699374999999999 0.32229687500000004 0.7681458333333333 0.322640625 0.7667291666666666
0 0.340734375 0.7810416666666666 0.332703125 0.7807083333333333 0.330953125 0.7790416666666666 0.329203125 0.7743541666666667 0.329203125 0.7696666666666666 0.33321875 0.7656666666666666 0.33220312500000004 0.7639791666666667 0.331203125 0.7609791666666667 0.33321875 0.7582916666666667 0.33696875 0.7582916666666667 0.337984375 0.7629791666666667 0.337484375 0.7636458333333334 0.33923437500000003 0.7706875 0.339984375 0.7740208333333333 0.340984375 0.7790416666666666
0 0.616078125 0.8886458333333334 0.6079375 0.8920833333333333 0.6075625 0.8995 0.602390625 0.9093541666666667 0.60128125 0.9202083333333333 0.60275 0.9216875000000001 0.604234375 0.9226875 0.606453125 0.9374791666666666 0.606828125 0.9498125000000001 0.6175625 0.9508125 0.620515625 0.9231666666666667 0.621625 0.9167500000000001 0.620890625 0.9049166666666667 0.616078125 0.9019583333333333
0 0.46135937499999996 0.8069791666666667 0.46331249999999996 0.7871666666666666 0.46331249999999996 0.782625 0.46428125 0.7745208333333333 0.46234374999999994 0.7699583333333333 0.46526562499999996 0.7660625 0.46575 0.7621666666666667 0.4635625 0.7618541666666666 0.46184375 0.7621666666666667 0.45965625 0.7615208333333333 0.45746875 0.7628333333333334 0.45599999999999996 0.7680208333333333 0.4565 0.7738541666666666 0.45698437500000005 0.7982083333333333 0.45698437500000005 0.8095833333333334 0.458921875 0.8089375000000001
