0 0.657296875 0.9797708333333334 0.648875 0.8786458333333333 0.62528125 0.703375 0.6286562499999999 0.6359583333333333 0.642140625 0.6202291666666666 0.67415625 0.6202291666666666 0.7028125000000001 0.6337083333333333 0.717984375 0.6449374999999999 0.716296875 0.6719166666666666 0.71965625 0.6966249999999999 0.738203125 0.6966249999999999 0.746625 0.6808958333333333 0.75 0.6584166666666668 0.7483125 0.6404583333333334 0.746625 0.6269583333333333 0.7483125 0.6112291666666666 0.741578125 0.5932499999999999 0.738203125 0.5865208333333333 0.6994374999999999 0.5393333333333333 0.635390625 0.4651666666666667 0.6151718749999999 0.43145833333333333 0.593265625 0.4134791666666667 0.542703125 0.4202291666666667 0.52584375 0.40225000000000005 0.535953125 0.3550625 0.535953125 0.32135416666666666 0.52921875 0.2831458333333333 0.5174218749999999 0.26516666666666666 0.49381250000000004 0.2539375 0.46854687500000003 0.2561875 0.436515625 0.27416666666666667 0.42303125 0.305625 0.42303125 0.3303333333333333 0.431453125 0.3955 0.43820312499999997 0.42695833333333333 0.431453125 0.4494375 0.36067187500000003 0.5191041666666666 0.32696875 0.5954999999999999 0.30842187499999996 0.6651666666666666 0.303375 0.7325833333333333 0.31179687500000003 0.7730416666666666 0.32190625 0.7865208333333332 0.333703125 0.7775208333333333 0.365734375 0.7730416666666666 0.384265625 0.7280833333333334 0.4028125 0.6831458333333333 0.412921875 0.701125 0.41965624999999995 0.7865208333333332 0.42640625 0.8359583333333334 0.42809375000000005 0.894375 0.42640625 0.9483125 0.42640625 0.9820208333333333 0.42640625 0.9887708333333334 0.6539375 0.9865208333333333
0 0.391015625 0.39325 0.412921875 0.43370833333333336 0.38932812499999997 0.4719166666666667 0.3539375 0.494375 0.32696875 0.5146041666666666 0.291578125 0.6337083333333333 0.310109375 0.6988749999999999 0.315171875 0.7910208333333333 0.284828125 0.7303333333333334 0.28314062500000003 0.8898958333333333 0.32359375 0.9438124999999999 0.333703125 0.9640416666666667 0.208984375 0.9617916666666667 0.1483125 0.9393333333333334 0.161796875 0.7168541666666666 0.1550625 0.5685416666666666 0.143265625 0.4651666666666667 0.17021875 0.4134791666666667 0.24775 0.40225000000000005 0.318546875 0.42247916666666663 0.34550000000000003 0.4157291666666667 0.37921875 0.3842708333333333
0 0.706078125 0.38485416666666666 0.71421875 0.34622916666666664 0.741375 0.3329583333333333 0.73775 0.31727083333333334 0.745 0.2907083333333333 0.759484375 0.28227083333333336 0.776671875 0.28347916666666667 0.781203125 0.3027916666666667 0.779390625 0.31968749999999996 0.76671875 0.3401875 0.757671875 0.35589583333333336 0.7468125 0.36312500000000003 0.727796875 0.3752083333333333 0.71965625 0.38847916666666665
0 0.70628125 0.5517916666666667 0.728140625 0.43070833333333336 0.74328125 0.37914583333333335 0.76009375 0.3612083333333333 0.77690625 0.3231041666666667 0.8038125 0.316375 0.827359375 0.3320625 0.827359375 0.3656875 0.7987656249999999 0.39708333333333334 0.8088593749999999 0.4486458333333333 0.818953125 0.4979791666666667 0.857625 0.5450625 0.8593125 0.5562708333333333 0.802125 0.5316041666666667 0.8038125 0.6414791666666667 0.802125 0.6796041666666667 0.77690625 0.6908124999999999 0.7533593749999999 0.6571666666666667 0.7365468749999999 0.5787083333333333
0 0.439578125 0.26739583333333333 0.43851562499999996 0.24256250000000001 0.44542187499999997 0.21775 0.45765625 0.21137499999999998 0.471484375 0.2142083333333333 0.477328125 0.215625 0.47893749999999996 0.22129166666666666 0.48053125 0.22839583333333333 0.48637499999999995 0.23406249999999998 0.48584375 0.23760416666666667 0.48531250000000004 0.24470833333333333 0.48531250000000004 0.2510833333333333 0.46510937500000005 0.2539166666666667 0.45978125 0.25816666666666666 0.45499999999999996 0.26241666666666663 0.444359375 0.2645625
0 0.9115781249999999 0.5376458333333333 0.9011093750000001 0.57025 0.919734375 0.5981875 0.9325468750000001 0.6214791666666667 0.9325468750000001 0.5376458333333333
0 0.920890625 0.6524791666666666 0.904734375 0.6477083333333333 0.8873749999999999 0.6349374999999999 0.873609375 0.6325416666666667 0.8694218749999999 0.6461041666666667 0.8784062499999999 0.6684583333333334 0.884390625 0.6868125 0.8957656249999999 0.6947916666666667
0 0.538765625 0.30258333333333337 0.542640625 0.3465 0.5271250000000001 0.39560416666666665 0.5329531249999999 0.4136875 0.538765625 0.4162708333333333 0.560078125 0.4188541666666667 0.60078125 0.4136875 0.670546875 0.5041249999999999 0.660859375 0.44985416666666667 0.64146875 0.4059375 0.61240625 0.36974999999999997 0.587203125 0.36974999999999997 0.579453125 0.3465 0.59690625 0.3413333333333333 0.60078125 0.3155 0.60078125 0.2922291666666667 0.5930156249999999 0.2767291666666667 0.579453125 0.2612291666666667 0.550390625 0.25864583333333335 0.542640625 0.2638125 0.534890625 0.2767291666666667 0.5290625 0.30258333333333337 0.52325 0.2922291666666667 0.5290625 0.30516666666666664
0 0.011046875000000001 0.35666666666666663 0.079671875 0.39129166666666665 0.111234375 0.502625 0.14090625 0.6164166666666666 0.14646874999999998 0.6658958333333334 0.14646874999999998 0.7475416666666667 0.11678124999999999 0.8242083333333333 0.08709375 0.8341041666666666 0.072265625 0.9775833333333334 0.0017500000000000003 0.9750833333333334
0 0.933921875 0.266625 0.9126875 0.28785416666666663 0.911359375 0.3232708333333333 0.924640625 0.33212499999999995 0.933921875 0.34983333333333333 0.9126875 0.36043749999999997 0.9033906249999999 0.37283333333333335 0.9033906249999999 0.37283333333333335 0.890109375 0.4029375 0.886125 0.4666666666666667 0.8874531250000001 0.5091458333333333 0.8874531250000001 0.518 0.9007343750000001 0.528625 0.911359375 0.528625 0.9219843750000001 0.5303958333333333 0.93259375 0.5321666666666667 0.9352499999999999 0.266625
