0 0.411015625 0.6409791666666667 0.41017187499999996 0.6454583333333334 0.40890624999999997 0.6524583333333334 0.408484375 0.6591875 0.408484375 0.6645208333333333 0.40890624999999997 0.669 0.40932812500000004 0.6746041666666667 0.4114375 0.6746041666666667 0.4114375 0.6703958333333334 0.41185937499999997 0.6740416666666668 0.413109375 0.6748958333333334 0.415015625 0.6695625 0.415640625 0.6589166666666666 0.415640625 0.6533125 0.415640625 0.6460208333333333 0.414375 0.6435 0.412484375 0.6392916666666667 0.411015625 0.6418125
0 0.472078125 0.6753541666666667 0.475015625 0.6747083333333334 0.47571874999999997 0.6657708333333333 0.477125 0.6638958333333334 0.47748437499999996 0.6598124999999999 0.473953125 0.6566666666666666 0.473953125 0.65525 0.47595312500000003 0.6511875 0.47348437499999996 0.6491458333333333 0.470546875 0.6529166666666666 0.46842187500000004 0.6602916666666666 0.46842187500000004 0.6646666666666667 0.471484375 0.6675 0.4721875 0.6728333333333333
0 0.5035624999999999 0.6779166666666666 0.5006406250000001 0.6770625 0.5015 0.6725833333333333 0.5015 0.6686875000000001 0.500421875 0.6662291666666668 0.49879687500000003 0.6630416666666666 0.498359375 0.6611666666666667 0.49651562499999996 0.6571250000000001 0.497171875 0.654375 0.499015625 0.6454375 0.50096875 0.6441250000000001 0.502375 0.6387916666666666 0.505078125 0.6364791666666666 0.5075624999999999 0.6379166666666667 0.5095156249999999 0.640375 0.5100625 0.6435625 0.5100625 0.6454375 0.51190625 0.6503333333333334 0.511140625 0.653375 0.510703125 0.6584166666666668 0.507890625 0.6623333333333333 0.507359375 0.6670833333333334 0.506375 0.6709791666666667
0 0.498265625 0.6473125 0.49596875 0.6408333333333334 0.49478125000000006 0.6370416666666666 0.49167187500000004 0.6399791666666667 0.490015625 0.64475 0.48753124999999997 0.6486458333333334 0.489734375 0.6536666666666666 0.48946875 0.6602708333333334 0.49459375000000005 0.6621041666666667 0.49643750000000003 0.6590416666666666 0.49634375000000003 0.6553749999999999 0.498078125 0.6485208333333333
0 0.9838749999999999 0.6400416666666667 0.9835625 0.6281041666666667 0.981640625 0.625125 0.97971875 0.6196041666666667 0.9778125 0.6204375 0.9778125 0.625125 0.978125 0.6276875000000001 0.97909375 0.6310833333333333 0.97909375 0.6421666666666667 0.984515625 0.6425833333333333
0 0.952875 0.6409374999999999 0.9530625 0.6364375 0.9511406250000001 0.6345 0.95178125 0.6314375 0.9527812499999999 0.6302291666666666 0.953140625 0.6267083333333333 0.954875 0.6263333333333333 0.955515625 0.6287708333333334 0.955515625 0.6308333333333334 0.956796875 0.6319374999999999 0.957984375 0.6345 0.958171875 0.639 0.957984375 0.6409374999999999 0.954875 0.6416666666666667
0 0.9000468749999999 0.6438124999999999 0.900375 0.639875 0.8995468750000001 0.6363541666666667 0.898234375 0.6341666666666667 0.8984062500000001 0.6311041666666667 0.89921875 0.6304583333333333 0.901515625 0.6332916666666667 0.902015625 0.6319791666666668 0.902015625 0.6297916666666666 0.9016875000000001 0.6260833333333333 0.902671875 0.6243333333333333 0.9043125 0.6236666666666667 0.9064375 0.6262916666666667 0.906609375 0.6291458333333334 0.9084218749999999 0.6332916666666667 0.909078125 0.6359166666666667 0.90890625 0.6387708333333334 0.907765625 0.6405208333333333 0.905453125 0.6427083333333333 0.9025000000000001 0.6438124999999999 0.900203125 0.6438124999999999
0 0.9178593749999999 0.642875 0.9161250000000001 0.6349374999999999 0.915375 0.6280208333333334 0.917609375 0.624375 0.91909375 0.6207499999999999 0.9218125 0.6204166666666667 0.9232968749999999 0.6214166666666666 0.9242968749999999 0.6263541666666667 0.9252812499999999 0.6280208333333334 0.92578125 0.6323124999999999 0.92578125 0.6379166666666667 0.9240468749999999 0.6415624999999999 0.923046875 0.6422083333333333 0.9208281250000001 0.6422083333333333
0 0.39904687499999997 0.6733541666666666 0.39859374999999997 0.6652916666666666 0.397375 0.6616666666666667 0.396921875 0.6548333333333333 0.39435937499999996 0.648375 0.396625 0.6453541666666667 0.397234375 0.6409374999999999 0.398734375 0.6377083333333334 0.40115625 0.6381041666666667 0.40221875 0.6429375 0.405390625 0.6443541666666667 0.4056875 0.6479791666666667 0.40584375 0.6564374999999999 0.403578125 0.65925 0.40387500000000004 0.6683125000000001 0.404171875 0.6729583333333333 0.39859374999999997 0.6739583333333333
0 0.3939375 0.6485625 0.39321875 0.6459583333333333 0.392328125 0.647375 0.39215625 0.6514166666666666 0.39001562500000003 0.6554375 0.39054687499999996 0.6635208333333333 0.392328125 0.67325 0.39446875000000003 0.6680208333333333 0.39428125 0.6623333333333333 0.39571875 0.656625 0.3960625 0.6507083333333333 0.3939375 0.6483333333333333
0 0.35726562500000003 0.676875 0.35515625 0.6625416666666666 0.3530625 0.6524375 0.35748437499999997 0.6476458333333334 0.3570625 0.6426041666666666 0.36359375 0.6434375 0.364015625 0.6493333333333333 0.36421875 0.6510208333333334 0.36506249999999996 0.653 0.36506249999999996 0.6549583333333333 0.36506249999999996 0.6566458333333334 0.36506249999999996 0.6577708333333334 0.3644375 0.6591666666666666 0.363796875 0.6602916666666666 0.363375 0.6614166666666667 0.362953125 0.6642291666666666 0.362953125 0.6670416666666666 0.36317187500000003 0.6698541666666666 0.362109375 0.6720833333333334 0.360640625 0.6737708333333334 0.358328125 0.6748958333333334
0 0.57203125 0.6579791666666667 0.563671875 0.6572291666666668 0.5625312499999999 0.6428125 0.5650000000000001 0.6362291666666666 0.5651875000000001 0.6306666666666667 0.56784375 0.6314166666666666 0.5699375 0.6352291666666667 0.57315625 0.6423125
0 0.45568749999999997 0.6514791666666666 0.455875 0.6486875 0.45701562500000004 0.6456666666666667 0.45776562500000006 0.6446458333333334 0.45776562500000006 0.6423749999999999 0.45890624999999996 0.6413541666666667 0.459859375 0.6413541666666667 0.459859375 0.643125 0.459859375 0.6446458333333334 0.46060937500000004 0.6471666666666667 0.459671875 0.6486875 0.45853124999999995 0.6512291666666666 0.456625 0.6522291666666666 0.45568749999999997 0.6522291666666666 0.456625 0.6489375000000001
