0 0.330875 0.7619483568075117 0.33128125 0.7540375586854461 0.33046875 0.7442957746478873 0.329859375 0.7403286384976526 0.329453125 0.7238967136150235 0.33006250000000004 0.7190140845070423 0.331890625 0.7156572769953051 0.33209374999999997 0.7114084507042253 0.333703125 0.708356807511737 0.337359375 0.7092723004694835 0.338171875 0.7129107981220657 0.338171875 0.717488262910798 0.33796875000000004 0.7235915492957746 0.33918750000000003 0.7299765258215963 0.339796875 0.7381924882629108 0.338984375 0.7458215962441315 0.338578125 0.7525117370892018 0.33918750000000003 0.7586150234741784 0.34140625 0.7622535211267606 0.340203125 0.7631690140845071 0.33532812500000003 0.7619483568075117 0.335125 0.7595305164319249 0.334921875 0.7534272300469483 0.3343125 0.7546478873239437 0.3343125 0.7586150234741784 0.335125 0.7613615023474177 0.334921875 0.7625586854460095 0.332484375 0.7631690140845071
0 0.30839062500000003 0.7385680751173709 0.30490625 0.740774647887324 0.304375 0.7379577464788732 0.30451562499999996 0.732112676056338 0.30089062499999997 0.7299061032863849 0.30062500000000003 0.7226525821596245 0.3016875 0.7168075117370892 0.3016875 0.7101643192488263 0.3016875 0.7071361502347419 0.30290625000000004 0.7053286384976526 0.303171875 0.704131455399061 0.302640625 0.7025117370892018 0.3025 0.7007042253521126 0.3025 0.697887323943662 0.303703125 0.6970657276995305 0.30584375 0.6968779342723005 0.30665624999999996 0.6974647887323944 0.3070625 0.6998826291079812 0.3070625 0.7019014084507043 0.307859375 0.704131455399061 0.30879687499999997 0.7067370892018779 0.31 0.7065492957746479 0.3090625 0.7196244131455399 0.30879687499999997 0.729507042253521 0.308265625 0.7313145539906104
0 0.164609375 0.738849765258216 0.162328125 0.7412910798122067 0.158515625 0.7412910798122067 0.15459375 0.7404929577464788 0.153609375 0.7381924882629108 0.151546875 0.7378638497652582 0.151875 0.7236384976525821 0.15459375 0.7200234741784038 0.15459375 0.7187323943661972 0.154046875 0.7170892018779343 0.153828125 0.7139906103286385 0.15503125 0.7126760563380282 0.156125 0.7123474178403756 0.15731250000000002 0.7139906103286385 0.158078125 0.7151173708920188 0.15818749999999998 0.7172535211267606 0.15709375 0.7188967136150235 0.157640625 0.7200234741784038 0.157640625 0.722981220657277 0.1590625 0.7233098591549295 0.1598125 0.7285446009389671 0.160796875 0.7277230046948356 0.161015625 0.7295305164319248 0.161453125 0.7313145539906104 0.162328125 0.7318075117370892 0.162875 0.7363849765258216 0.1640625 0.7365492957746479 0.165375 0.7385211267605634
0 0.21309375 0.7144600938967136 0.21509375 0.7400704225352113 0.220765625 0.7413380281690141 0.22132812500000001 0.7165962441314554 0.220765625 0.708075117370892 0.2185 0.7084976525821596 0.21764062499999998 0.7033802816901408 0.21593749999999998 0.704225352112676 0.214796875 0.7050704225352113 0.214796875 0.7076291079812206 0.21509375 0.7097652582159625
0 0.8303125 0.7105164319248827 0.8305781250000001 0.7063145539906103 0.831328125 0.7036384976525821 0.8326874999999999 0.7026056338028169 0.8354062499999999 0.7045305164319249 0.8356562500000001 0.7093661971830986 0.836078125 0.7130516431924883 0.837265625 0.7230046948356808 0.8368437500000001 0.7242723004694837 0.835921875 0.7301408450704225 0.8319218749999999 0.7288732394366197 0.8317656250000001 0.7237558685446009 0.825984375 0.7240140845070423 0.824796875 0.7226291079812206 0.824640625 0.7196948356807511 0.8254843749999999 0.717018779342723 0.8265781249999999 0.7143427230046948 0.8278593750000001 0.7128169014084508
0 0.34478125 0.71518779342723 0.34559375000000003 0.7060328638497653 0.34925 0.7054225352112676 0.34965625 0.7127464788732394 0.35331250000000003 0.7164084507042253 0.355953125 0.7234272300469484 0.353921875 0.7435915492957746 0.3500625 0.7542723004694836 0.346203125 0.7652582159624414 0.347015625 0.7475586854460093 0.343359375 0.7393192488262911 0.344984375 0.7255633802816901 0.344171875 0.7215962441314554
0 0.357328125 0.7426760563380281 0.3578125 0.725586854460094 0.3578125 0.7193427230046948 0.356046875 0.716924882629108 0.358609375 0.7102112676056338 0.36053125 0.7037089201877934 0.363734375 0.6998591549295774 0.363734375 0.6950469483568075 0.365015625 0.692887323943662 0.3669375 0.6921596244131456 0.36740625 0.6986619718309859 0.3698125 0.703943661971831 0.37124999999999997 0.7145305164319249 0.367734375 0.7248591549295775 0.366296875 0.7306338028169014 0.36596875 0.7414553990610329 0.36453125000000003 0.7436384976525822 0.362296875 0.7414553990610329 0.362453125 0.7318544600938967 0.362125 0.7320892018779342 0.361328125 0.7424178403755868 0.35909375 0.7443427230046947
0 0.3705625 0.7216197183098592 0.37287499999999996 0.7309154929577465 0.37465625 0.7343896713615023 0.37403125 0.7373943661971831 0.374125 0.7380281690140844 0.368875 0.7392957746478873 0.3665625 0.7392957746478873 0.3665625 0.7377230046948356 0.366359375 0.7325117370892019 0.36729687499999997 0.728075117370892 0.368875 0.7227230046948356 0.36971875 0.7195539906103285
0 0.37815625 0.7303990610328638 0.37701562499999997 0.7269718309859154 0.377578125 0.7183802816901408 0.37901562499999997 0.7063615023474179 0.37901562499999997 0.7007746478873239 0.383296875 0.7007746478873239 0.383578125 0.7097887323943662 0.383578125 0.7157981220657277 0.38301562499999997 0.7261032863849766 0.38301562499999997 0.7295539906103287
0 0.53515625 0.717981220657277 0.536015625 0.7138028169014085 0.53759375 0.7114553990610328 0.5363749999999999 0.7080516431924883 0.534625 0.7033568075117371 0.5370625 0.7012441314553991 0.53984375 0.7025586854460094 0.5410625 0.7051643192488263 0.5452343749999999 0.7200704225352113 0.5452343749999999 0.7258215962441315 0.5412343749999999 0.7263380281690142 0.539328125 0.7158920187793428 0.5379375 0.717206572769953 0.538453125 0.7213849765258216 0.5355000000000001 0.7198122065727699
0 0.236046875 0.7415962441314554 0.236046875 0.7336619718309859 0.23762500000000003 0.7257511737089202 0.23840625000000001 0.7206103286384977 0.23840625000000001 0.7122769953051643 0.24104687500000002 0.7075352112676057 0.24342187499999998 0.7118779342723004 0.24553124999999998 0.7376291079812207 0.250546875 0.7602112676056338 0.242375 0.7629812206572769 0.245265625 0.7554694835680751 0.24421875 0.7487323943661971 0.24315625000000002 0.7384272300469483
0 0.004578125000000001 0.7569483568075117 0.005078125 0.7504929577464788 0.007859375 0.7482159624413146 0.0063437499999999996 0.7246478873239436 0.004828125 0.7208450704225352 0.002296875 0.712488262910798 0.0 0.7102112676056338 0.00028125 0.7580985915492957
0 0.495703125 0.7342018779342723 0.49515624999999996 0.7245774647887324 0.49589062500000003 0.7204460093896714 0.49771875000000004 0.7163145539906103 0.499 0.7146713615023474 0.50046875 0.7133098591549296 0.5006406250000001 0.7102816901408451 0.501375 0.7066901408450704 0.50265625 0.705868544600939 0.504671875 0.7056103286384976 0.5063125 0.7069718309859155 0.5065000000000001 0.711643192488263 0.505765625 0.7154929577464789 0.50503125 0.7188028169014083 0.505765625 0.7226525821596245 0.508515625 0.7237558685446009 0.508515625 0.7273239436619717 0.508140625 0.7303521126760564 0.5052187499999999 0.7306103286384976 0.5041249999999999 0.7347417840375586 0.5041249999999999 0.7424413145539905 0.5066875 0.7520657276995305 0.507046875 0.7520657276995305 0.5065000000000001 0.7545305164319249 0.505765625 0.7553521126760563 0.5011875 0.7553521126760563 0.49954687499999995 0.7553521126760563 0.49935937499999994 0.755093896713615 0.50009375 0.737206572769953 0.498265625 0.7366666666666667
