0 0.9418593749999999 0.7842817679558012 0.9545781249999999 0.9078729281767955 0.9507656250000001 0.9910220994475138 0.875765625 0.9910220994475138 0.8719531249999999 0.9550552486187845 0.851609375 0.9415745856353592 0.855421875 0.8404419889502762 0.84653125 0.7752762430939226 0.8300000000000001 0.7078729281767956 0.852890625 0.611243093922652 0.8719531249999999 0.6179834254143647 0.8694062499999999 0.5842817679558011 0.8706875000000001 0.532596685082873 0.9100781250000001 0.5280939226519337 0.9215312499999999 0.5707734806629834 0.9215312499999999 0.6022375690607734 0.9507656250000001 0.6404419889502763 0.973640625 0.6764088397790056 0.9901562500000001 0.7033701657458563 0.988890625 0.7348342541436463 0.9672812499999999 0.7662983425414364
0 0.26625 0.6853867403314917 0.26492187500000003 0.6916574585635359 0.262921875 0.6943922651933702 0.261375 0.6990883977900553 0.260046875 0.7104696132596685 0.264484375 0.7171270718232045 0.26646875 0.7182872928176796 0.273125 0.7214364640883979 0.274453125 0.7214364640883979 0.27578125 0.7167403314917127 0.275109375 0.7104696132596685 0.274015625 0.7006629834254143 0.27378125 0.6920441988950277 0.274890625 0.686160220994475 0.271578125 0.6779558011049723 0.26846875 0.6810773480662984 0.26846875 0.6810773480662984
0 0.28889062499999996 0.7162154696132597 0.28615625 0.7131215469613259 0.291828125 0.7055248618784531 0.29240625 0.6996685082872928 0.295140625 0.6913812154696133 0.30178125 0.6965469613259668 0.30060937499999996 0.7034530386740332 0.30196875 0.7131215469613259 0.29943749999999997 0.7172651933701657 0.30139062499999997 0.7303591160220995 0.28967187499999997 0.7275966850828729 0.286359375 0.724171270718232 0.28889062499999996 0.7172651933701657
0 0.27140624999999996 0.6585359116022099 0.2740625 0.6498066298342541 0.279 0.6403867403314917 0.285828125 0.6524861878453039 0.28696875 0.6591988950276243 0.28128125000000004 0.6659116022099447 0.2740625 0.6679281767955801 0.272546875 0.6679281767955801
0 0.28584375 0.6486740331491713 0.28584375 0.6446961325966851 0.28784375 0.6415745856353591 0.28884375 0.6362707182320443 0.291859375 0.6349447513812154 0.293109375 0.6411325966850829 0.296109375 0.6438121546961326 0.297625 0.6517679558011049 0.297875 0.6539779005524862 0.29485937500000003 0.6570994475138122 0.294359375 0.6650552486187845 0.291859375 0.6615193370165746 0.28834375 0.6619613259668509 0.28659375 0.6562154696132597 0.28609375 0.6504419889502763
0 0.08459375 0.6220718232044199 0.08478125 0.6216022099447515 0.08484375 0.6202486187845304 0.08453125 0.6191436464088398 0.08471875 0.6177900552486187 0.08484375 0.6175690607734806 0.08496875000000001 0.6173480662983425 0.08478125 0.6164364640883978 0.08446875000000001 0.615303867403315 0.084078125 0.6151933701657458 0.08325 0.6157734806629834 0.08299999999999999 0.6159944751381216 0.08275 0.6161049723756906 0.082296875 0.6173480662983425 0.08204687499999999 0.6175690607734806 0.08115625 0.6175690607734806 0.080203125 0.616767955801105 0.0796875 0.6164364640883978 0.078984375 0.6166574585635359 0.07956250000000001 0.6184530386740331 0.080015625 0.6198066298342542 0.080703125 0.6213812154696132 0.08096875 0.6220718232044199 0.08096875 0.6229558011049724 0.080578125 0.6248618784530386 0.08090625 0.6251104972375691 0.083640625 0.6262154696132597 0.083828125 0.6249723756906077 0.08401562500000001 0.6231767955801105 0.08446875000000001 0.6216022099447515
0 0.38082812499999996 0.6971823204419889 0.386421875 0.6962983425414365 0.382359375 0.6926795580110497 0.383375 0.6827900552486188 0.382859375 0.6737845303867404 0.387953125 0.6638950276243094 0.391515625 0.6674861878453039 0.3935625 0.6755801104972375 0.39559375 0.6800828729281768 0.394578125 0.6935911602209945 0.39253125 0.6935911602209945 0.394578125 0.699889502762431 0.386421875 0.702596685082873 0.38082812499999996 0.7016850828729282
0 0.610234375 0.561353591160221 0.61228125 0.5668508287292817 0.6125468749999999 0.575939226519337 0.608984375 0.5812707182320441 0.613421875 0.5825414364640884 0.614140625 0.5941436464088398 0.617421875 0.6059116022099448 0.5958593750000001 0.6010497237569061 0.5965625 0.5842541436464088 0.60109375 0.5790883977900553 0.6017187500000001 0.5698342541436464 0.6056250000000001 0.564171270718232 0.6065 0.5621270718232044 0.606953125 0.557596685082873 0.608546875 0.5487845303867404 0.609609375 0.5483149171270718 0.60996875 0.5608839779005524
0 0.361515625 0.5969060773480663 0.361515625 0.5969060773480663 0.36440625 0.5947790055248618 0.36440625 0.5939226519337016 0.36345312500000004 0.5850000000000001 0.36634375 0.5832872928176795 0.36778125 0.5922375690607734 0.371875 0.5973480662983426 0.371875 0.5981767955801105 0.372125 0.6143646408839779 0.372125 0.6267127071823204 0.36875 0.6309668508287293 0.3701875 0.6445856353591161 0.36296875 0.6411878453038674 0.364890625 0.6271270718232045 0.36803125 0.6211878453038674 0.364890625 0.6160773480662983 0.364171875 0.6054143646408839 0.36296875 0.5986187845303867
0 0.340640625 0.6393646408839778 0.3490625 0.6329834254143646 0.35026562499999997 0.6074861878453038 0.34364062500000003 0.5745303867403314 0.33582812500000003 0.5936740331491712 0.33582812500000003 0.6149171270718232 0.338234375 0.6308563535911602 0.34004687499999997 0.6383149171270718
0 0.30279687499999997 0.7170165745856354 0.30256249999999996 0.709364640883978 0.30256249999999996 0.7055248618784531 0.30256249999999996 0.7025414364640884 0.30279687499999997 0.7008563535911603 0.30328125 0.6982872928176795 0.30328125 0.6961602209944752 0.304 0.6940331491712708 0.304734375 0.6923480662983426 0.30665624999999996 0.6885082872928177 0.30857812500000004 0.6880662983425415 0.31146875 0.690635359116022 0.313875 0.6927624309392265 0.315078125 0.6957458563535912 0.317734375 0.7085082872928178 0.31796875 0.7119337016574586 0.31725 0.714889502762431 0.316765625 0.72 0.31628124999999996 0.7264088397790055 0.310984375 0.72853591160221 0.30665624999999996 0.72853591160221 0.30328125 0.7276795580110498 0.30159375 0.7221270718232045 0.30159375 0.7212983425414365
0 0.39665625000000004 0.7030662983425414 0.4091875 0.6937569060773481 0.40753125 0.6791712707182321 0.40589062499999995 0.6657734806629834 0.40523437500000004 0.6640331491712707 0.40160937499999994 0.6587845303867403 0.3973125 0.6634530386740332 0.39468749999999997 0.6745303867403315 0.39434375 0.6826795580110497 0.393359375 0.7007458563535911
0 0.092453125 0.621353591160221 0.09428125000000001 0.6132872928176796 0.090640625 0.611049723756906 0.08740624999999999 0.6180110497237569 0.089796875 0.6235635359116022
