0 0.1424225352112676 0.5656 0.22788732394366198 0.6173 0.22473239436619719 0.5656 0.20571830985915493 0.52516 0.19622535211267605 0.49144 0.1456056338028169 0.4555 0.22473239436619719 0.38808 0.2785352112676056 0.37010000000000004 0.3544788732394366 0.21953999999999999 0.3829859154929578 0.1746 0.41777464788732394 0.15436000000000002 0.4525915492957746 0.15436000000000002 0.41777464788732394 0.11842 0.38614084507042257 0.07572 0.3987887323943662 0.030780000000000002 0.45577464788732397 0.03302 0.5159154929577465 0.037520000000000005 0.5443943661971831 0.05998 0.5855492957746479 0.08245999999999999 0.560225352112676 0.0937 0.5570422535211268 0.16112 0.5855492957746479 0.19932 0.5855492957746479 0.19932 0.6868169014084506 0.23078 0.7849295774647886 0.28696 0.7406197183098592 0.32739999999999997 0.7121408450704225 0.30268 0.5823661971830986 0.2555 0.5538873239436619 0.39706 0.5412112676056338 0.40606 0.4937464788732394 0.38808 0.48109859154929574 0.42404000000000003 0.6013521126760563 0.6240399999999999 0.6330140845070422 0.6981799999999999 0.6646760563380282 0.75886 0.5570422535211268 0.75662 0.5443943661971831 0.71168 0.5127323943661972 0.66898 0.41777464788732394 0.5903200000000001 0.3798028169014085 0.55212 0.348169014084507 0.6127999999999999 0.326 0.70494 0.29433802816901405 0.74314 0.23738028169014083 0.74314 0.1803943661971831 0.7004400000000001 0.06647887323943662 0.57684 0.06329577464788733 0.57684 0.012647887323943662 0.54538 0.015830985915492958 0.5318999999999999 0.1424225352112676 0.5049399999999999 0.1424225352112676 0.56336
0 0.05676056338028169 0.30544 0.09208450704225352 0.27048 0.140056338028169 0.25794 0.14509859154929577 0.23016 0.17538028169014083 0.2006 0.23216901408450705 0.21581999999999998 0.24101408450704226 0.25256 0.22459154929577466 0.25078 0.246056338028169 0.27138 0.246056338028169 0.31439999999999996 0.05045070422535211 0.30992000000000003
0 0.3499718309859155 0.22616 0.34907042253521126 0.21906 0.3399718309859155 0.21453999999999998 0.3299718309859155 0.20937999999999998 0.32180281690140844 0.20616 0.30453521126760563 0.20616 0.29543661971830987 0.20552 0.2872676056338028 0.20616 0.27907042253521125 0.20937999999999998 0.2709014084507042 0.21906 0.2636338028169014 0.241 0.2663661971830986 0.24681999999999998 0.2663661971830986 0.25777999999999995 0.26273239436619716 0.26876 0.2572676056338028 0.27777999999999997 0.25180281690140843 0.28746 0.24667605633802814 0.30144 0.25304225352112675 0.31564 0.273943661971831 0.31564 0.3012112676056338 0.31627999999999995 0.30940845070422535 0.30207999999999996 0.32577464788732396 0.26852 0.3512112676056338 0.22528
0 0.027943661971830985 0.17434 0.005859154929577465 0.19572 0.0018309859154929577 0.22708 0.025943661971830987 0.24276 0.039971830985915495 0.26842 0.03194366197183099 0.2955 0.025943661971830987 0.30406 0.060056338028169017 0.31118 0.08616901408450704 0.27698 0.11628169014084508 0.26558 0.1423661971830986 0.25701999999999997 0.1443943661971831 0.23278000000000001 0.17247887323943661 0.20428 0.19056338028169015 0.20286 0.22870422535211268 0.2171 0.23473239436619717 0.22708 0.25278873239436617 0.23706 0.27287323943661973 0.22282 0.2829014084507042 0.2114 0.27687323943661973 0.1886 0.2568169014084507 0.16152 0.20661971830985915 0.14584 0.18050704225352113 0.13016 0.17247887323943661 0.10308 0.1463943661971831 0.08454 0.12430985915492958 0.08170000000000001 0.09219718309859154 0.09738 0.09016901408450703 0.1159 0.09419718309859154 0.13444 0.09219718309859154 0.15153999999999998 0.052028169014084504 0.15296
0 0.24876056338028169 0.00156 0.2642535211267606 0.00738 0.28064788732394363 0.00608 0.3043380281690141 0.0028599999999999997 0.30340845070422534 0.02484 0.30340845070422534 0.05654 0.3107042253521127 0.07658 0.30797183098591546 0.1044 0.3243661971830986 0.10892 0.3507887323943662 0.11086 0.36171830985915493 0.1057 0.34532394366197183 0.0837 0.36171830985915493 0.0022
0 0.015830985915492958 0.0022400000000000002 0.16459154929577466 0.0 0.1867323943661972 0.0854 0.09495774647887324 0.08764 0.0696338028169014 0.09662000000000001 0.003154929577464789 0.06516
0 0.006309859154929578 0.23228000000000001 0.04104225352112676 0.26144 0.025267605633802818 0.31076 0.06946478873239437 0.36008 0.05369014084507042 0.43632 0.07580281690140846 0.5125599999999999 0.01895774647887324 0.5305 0.028422535211267606 0.56188 0.08211267605633803 0.5932799999999999 0.08211267605633803 0.60448 0.0631549295774648 0.63812 0.06946478873239437 0.73678 0.06946478873239437 0.7905800000000001 0.09157746478873238 0.80852 0.12000000000000001 0.8331799999999999 0.12000000000000001 0.8354199999999999 0.09157746478873238 0.83992 0.05369014084507042 0.84216 0.0 0.84216 0.015802816901408452 0.78834 0.006309859154929578 0.7121000000000001 0.015802816901408452 0.51928 0.0 0.35112 0.0 0.26592 0.003154929577464789 0.23902
0 0.6232957746478873 0.07576000000000001 0.6479718309859155 0.19554 0.7014647887323944 0.18872 0.7083098591549295 0.14880000000000002 0.7151830985915493 0.08159999999999999 0.7330140845070423 0.07186 0.8317464788732394 0.03096 0.8262816901408451 0.0 0.6095774647887324 0.0 0.5218028169014085 0.03778 0.5876338028169015 0.08744 0.6040845070422535 0.067 0.6205352112676056 0.0933
0 0.9078028169014084 0.1546 0.9143943661971832 0.17212 0.9308450704225352 0.17212 0.9275492957746478 0.18028 0.9110985915492957 0.18380000000000002 0.8946478873239437 0.1943 0.8847887323943663 0.22468000000000002 0.889718309859155 0.22468000000000002 0.9703098591549295 0.2235 0.9785352112676057 0.21416 0.999943661971831 0.20948 0.9949859154929578 0.11137999999999999
0 0.6372112676056338 0.22134 0.6602253521126761 0.19448 0.7309577464788732 0.18396 0.7671549295774647 0.22018000000000001
