0 0.42159375 0.610936768149883 0.427453125 0.5908665105386417 0.41489062499999996 0.551943793911007 0.42074999999999996 0.5331147540983606 0.43246874999999996 0.5130210772833723 0.423265625 0.5017330210772833 0.41489062499999996 0.516791569086651 0.405671875 0.5055035128805621 0.41404687500000004 0.49419203747072604 0.42159375 0.4740983606557377 0.42242187500000006 0.44147540983606554 0.41489062499999996 0.4213817330210773 0.41907812499999997 0.4075644028103044 0.435828125 0.4075644028103044 0.4416875 0.43266978922716626 0.451734375 0.45152224824355974 0.46429687499999994 0.5117798594847776 0.46010937500000004 0.5218032786885246 0.44504687499999995 0.5444028103044497 0.431640625 0.5582201405152225 0.443359375 0.5908665105386417 0.447546875 0.6134660421545667 0.42409375000000005 0.6071896955503513
0 0.20509375 0.4549414519906323 0.20928125 0.455480093676815 0.21278125 0.45128805620608897 0.21628124999999998 0.4392271662763466 0.219078125 0.43189695550351287 0.213484375 0.41669789227166276 0.215234375 0.3836768149882904 0.21278125 0.3774004683840749 0.2106875 0.37163934426229506 0.21767187500000001 0.36533957845433257 0.222921875 0.3705854800936768 0.22746875000000003 0.3789695550351288 0.23165624999999998 0.38946135831381734 0.23376562500000003 0.4046370023419204 0.23340624999999998 0.41826697892271664 0.23096875 0.4224590163934426 0.23376562500000003 0.44447306791569086 0.234453125 0.45810304449648714 0.23271875 0.46386416861826696 0.22746875000000003 0.46332552693208434 0.22781250000000003 0.455480093676815 0.228859375 0.4539110070257611 0.226421875 0.43241217798594844 0.21942187500000002 0.4434192037470726 0.21767187500000001 0.4523419203747073 0.215234375 0.4607259953161592 0.20509375 0.4601873536299766 0.204390625 0.4539110070257611
0 0.96403125 0.05711943793911007 0.9679062500000001 0.05259953161592506 0.9679062500000001 0.04936768149882904 0.968765625 0.04227166276346604 0.9709218749999999 0.03775175644028103 0.972640625 0.03517564402810305 0.9756562499999999 0.031943793911007025 0.977375 0.03388758782201405 0.979953125 0.03969555035128806 0.982546875 0.04742388758782201 0.982546875 0.05 0.982546875 0.053887587822014055 0.982546875 0.055175644028103044 0.968765625 0.055175644028103044
0 0.7339375 0.03360655737704918 0.735546875 0.03081967213114754 0.734796875 0.024707259953161594 0.735046875 0.014332552693208432 0.739625 0.014894613583138174 0.74271875 0.01711943793911007 0.743703125 0.02081967213114754 0.743203125 0.025644028103044496 0.743328125 0.028056206088992976 0.7455625 0.029718969555035127 0.74703125 0.038243559718969554 0.74778125 0.041030444964871196 0.751359375 0.04548009367681499 0.7517343750000001 0.0488056206088993 0.7501249999999999 0.049742388758782195 0.74246875 0.04805620608899297 0.7404843750000001 0.04454332552693208
0 0.7049375 0.020679156908665106 0.7024843749999999 0.02252927400468384 0.700640625 0.029437939110070258 0.696640625 0.03634660421545667 0.693265625 0.042786885245901636 0.69265625 0.04646370023419204 0.71784375 0.0492271662763466 0.72 0.045081967213114756 0.7196875 0.042786885245901636 0.7147812499999999 0.03587822014051522 0.7123125 0.032646370023419205 0.7107812499999999 0.028969555035128804 0.710171875 0.024355971896955503 0.70925 0.022060889929742387 0.7070937500000001 0.020210772833723654
0 0.679828125 0.043419203747072595 0.68196875 0.038243559718969554 0.6806875 0.025995316159250586 0.687578125 0.021475409836065575 0.68971875 0.03243559718969555 0.6892343750000001 0.038758782201405155 0.6892343750000001 0.038758782201405155 0.6927187499999999 0.04042154566744731 0.6927187499999999 0.0477751756440281 0.687265625 0.04857142857142857 0.678625 0.05088992974238876 0.679515625 0.04292740046838407
0 0.3000625 0.057470725995316156 0.302296875 0.048922716627634664 0.30434375 0.04770491803278689 0.30434375 0.04555035128805621 0.303328125 0.040070257611241215 0.303125 0.03639344262295082 0.30290625000000004 0.03395784543325527 0.303125 0.03060889929742389 0.3055625 0.029391100702576115 0.308 0.029063231850117097 0.30984375000000003 0.03091334894613583 0.311671875 0.03456674473067916 0.311671875 0.03885245901639344 0.31228125 0.043723653395784545 0.312890625 0.04770491803278689 0.31778125 0.0519672131147541 0.31940625 0.0556440281030445 0.317984375 0.060210772833723655
0 0.57490625 0.048196721311475406 0.573859375 0.04269320843091335 0.5759531250000001 0.03800936768149883 0.58640625 0.03250585480093677 0.5900624999999999 0.033302107728337235 0.59215625 0.036042154566744734 0.5929375 0.03918032786885246 0.593453125 0.04543325526932084 0.5756875 0.04936768149882904
0 0.28175 0.05733021077283373 0.288390625 0.04737704918032787 0.28596875 0.04194379391100703 0.285375 0.032903981264637006 0.28898437499999996 0.029297423887587822 0.29321875 0.035620608899297426 0.29321875 0.04014051522248244 0.2974375 0.048290398126463706 0.300453125 0.05733021077283373 0.298640625 0.05822014051522248 0.28175 0.05733021077283373
0 0.7424062499999999 0.0514519906323185 0.717578125 0.048243559718969556 0.714734375 0.04081967213114754 0.72609375 0.03231850117096019 0.7239687499999999 0.021686182669789226 0.7289218749999999 0.01637002341920375 0.733890625 0.01955503512880562 0.7353125 0.03018735362997658 0.7353125 0.03018735362997658 0.740984375 0.03655737704918033 0.7416875 0.04505854800936768
0 0.23746874999999998 0.046416861826697894 0.23424999999999999 0.05199063231850117 0.23399999999999999 0.05791569086651054 0.233015625 0.060679156908665106 0.23165624999999998 0.061803278688524595 0.24562499999999998 0.06161592505854801 0.242125 0.05695550351288056 0.24285937500000002 0.05098360655737705 0.24309375000000003 0.04644028103044496 0.23926562499999998 0.04449648711943794
0 0.48898437499999997 0.05088992974238876 0.48990625000000004 0.045011709601873534 0.48990625000000004 0.04292740046838407 0.487609375 0.03913348946135831 0.48621875000000003 0.03255269320843091 0.48621875000000003 0.025995316159250586 0.489453125 0.02529274004683841 0.493140625 0.02667447306791569 0.49590625 0.033934426229508194 0.494765625 0.037400468384074945 0.497984375 0.041217798594847775 0.500984375 0.04430913348946136 0.500984375 0.0477751756440281 0.50053125 0.05124121779859485
0 0.18059375 0.06665105386416861 0.17759375 0.06023419203747072 0.182171875 0.04995316159250585 0.18231250000000002 0.04245901639344262 0.18487499999999998 0.03793911007025761 0.19073437499999998 0.03772833723653396 0.1943125 0.045222482435597185 0.193890625 0.05208430913348946 0.19759374999999998 0.05550351288056206 0.198171875 0.06580796252927401
