0 0.5620416666666667 0.718828125 0.5680208333333333 0.5820624999999999 0.6008958333333333 0.39596875 0.6158541666666667 0.3331875 0.6188333333333333 0.25246875 0.6517291666666666 0.212109375 0.675625 0.203140625 0.6846041666666667 0.1896875 0.7114999999999999 0.182953125 0.7533541666666667 0.19640625 0.78325 0.20985937500000001 0.7982083333333333 0.245734375 0.8101666666666667 0.2973125 0.8430416666666667 0.335421875 0.8699583333333333 0.3668125 0.8789166666666667 0.39371875 0.9028333333333334 0.46546875 0.8759374999999999 0.5484375 0.8968541666666667 0.620171875 0.8759374999999999 0.801796875 0.8789166666666667 0.828703125 0.8430416666666667 0.817484375 0.8520208333333333 0.960984375 0.8430416666666667 0.9856562500000001 0.7593333333333334 0.987890625 0.7413958333333334 0.8376718750000001 0.7085208333333333 0.82421875 0.6666666666666666 0.9856562500000001 0.6008958333333333 0.9856562500000001 0.6038958333333333 0.817484375 0.5919375 0.756953125
0 0.19397916666666667 0.347125 0.2200625 0.352015625 0.22529166666666667 0.2659375 0.21222916666666666 0.257125 0.20049999999999998 0.258109375 0.20049999999999998 0.280609375 0.20833333333333334 0.287453125 0.191375 0.308 0.19266666666666668 0.333421875
0 0.48374999999999996 0.2513125 0.4897916666666667 0.24162499999999998 0.4949375 0.23453125 0.49581250000000004 0.23065625 0.4966666666666667 0.220984375 0.4983958333333333 0.21259375 0.5104375 0.20935937500000001 0.52075 0.211296875 0.5242083333333334 0.21775000000000003 0.5242083333333334 0.224203125 0.5259166666666667 0.228078125 0.5293541666666667 0.23453125 0.5345208333333333 0.23453125 0.5302291666666666 0.24679687499999997 0.5267916666666667 0.24937499999999999 0.513875 0.251953125 0.49924999999999997 0.25001562499999996 0.49322916666666666 0.250671875 0.4794583333333333 0.25389062500000004
0 0.15672916666666667 0.355109375 0.16520833333333332 0.334765625 0.17029166666666665 0.323328125 0.17085416666666667 0.314 0.1781875 0.30425 0.18385416666666668 0.3004375 0.1900625 0.28771874999999997 0.2030625 0.283484375 0.20589583333333333 0.294078125 0.19514583333333332 0.3101875 0.18554166666666666 0.331796875 0.19514583333333332 0.34790625 0.19685416666666666 0.352140625 0.18329166666666669 0.35681250000000003 0.17197916666666666 0.35934374999999996 0.16068749999999998 0.35934374999999996 0.15897916666666667 0.357234375
0 0.08141666666666666 0.425203125 0.10570833333333333 0.42603125000000003 0.09908333333333334 0.3879375 0.10791666666666666 0.35728125 0.11895833333333333 0.3258125 0.110125 0.29434375 0.09908333333333334 0.276125 0.08693749999999999 0.276953125 0.08252083333333333 0.2661875 0.07920833333333334 0.246296875 0.06152083333333334 0.23967187499999998 0.049374999999999995 0.244640625 0.04495833333333333 0.252921875 0.049374999999999995 0.26453125 0.04827083333333334 0.275296875 0.06372916666666667 0.2794375 0.06814583333333334 0.28440625 0.06483333333333334 0.29434375 0.062625 0.30924999999999997 0.07258333333333335 0.32415625000000003 0.08141666666666666 0.34071875 0.07810416666666667 0.35728125 0.07479166666666666 0.368875 0.07258333333333335 0.380484375 0.07258333333333335 0.39456250000000004 0.07589583333333333 0.408640625 0.07920833333333334 0.425203125
0 0.5433125000000001 0.23229687499999999 0.5418333333333333 0.22618749999999999 0.5415833333333333 0.220640625 0.5447916666666667 0.21528125 0.5543958333333333 0.213625 0.5630208333333333 0.216765625 0.5655 0.22434375 0.5711666666666667 0.232109375 0.5788125 0.236 0.5837291666666666 0.239875 0.5857083333333333 0.24634375 0.5881666666666666 0.25540625 0.5768333333333333 0.252265625 0.5706666666666667 0.252640625 0.5669791666666666 0.252265625 0.5608125 0.250046875 0.5529166666666666 0.248203125 0.5455208333333333 0.248375 0.538625 0.248375 0.5344374999999999 0.248375 0.537875 0.24376562499999999 0.5398541666666666 0.24079687500000002 0.5393541666666667 0.236921875 0.5410833333333334 0.2350625
0 0.4731666666666667 0.2809375 0.47575 0.26354687499999996 0.47402083333333334 0.24939062500000003 0.46972916666666664 0.2384375 0.4663125 0.234578125 0.4568541666666667 0.22814062499999999 0.45085416666666667 0.22040625 0.45085416666666667 0.210109375 0.4439791666666667 0.20753125 0.4328125 0.210109375 0.42939583333333337 0.214609375 0.45429166666666665 0.226203125 0.4568541666666667 0.2300625 0.4594375 0.23715625 0.4637291666666667 0.240375 0.46972916666666664 0.24165625 0.4731666666666667 0.260328125 0.468875 0.2680625 0.4663125 0.279 0.46287500000000004 0.282875 0.468875 0.282875
0 0.4655625 0.284796875 0.4628125 0.282984375 0.4669375 0.276265625 0.47141666666666665 0.263328125 0.47383333333333333 0.249890625 0.4700416666666667 0.242921875 0.46108333333333335 0.23981249999999998 0.45729166666666665 0.23154687499999999 0.45385416666666667 0.22585937500000003 0.4514375 0.226890625 0.4514375 0.23360937499999998 0.4514375 0.23748437500000003 0.442125 0.241875 0.4417916666666667 0.284015625 0.452125 0.284015625 0.4576458333333333 0.287890625
0 0.9990625000000001 0.33121875 0.9923333333333333 0.325453125 0.997125 0.305625 0.9875208333333333 0.29371875 0.9870416666666666 0.278578125 0.9779166666666667 0.273890625 0.9807916666666666 0.260203125 0.9764583333333333 0.2465 0.9827083333333333 0.22990624999999998 1.0 0.21621875
0 0.08800000000000001 0.369640625 0.051625000000000004 0.321890625 0.04254166666666667 0.29734375 0.04070833333333333 0.27278125000000003 0.0334375 0.24821875000000002 0.018895833333333334 0.23595312499999999 0.004333333333333333 0.255046875 0.015250000000000001 0.282328125 0.007979166666666667 0.31234375000000003 0.04070833333333333 0.358734375 0.0498125 0.40239062499999995 0.068 0.43240625 0.0698125 0.42012499999999997
