0 0.27975 0.49517187500000004 0.2849375 0.446484375 0.303125 0.43090624999999994 0.36672916666666666 0.42604687500000005 0.3524583333333334 0.3929375 0.36933333333333335 0.374421875 0.37062500000000004 0.313078125 0.336875 0.30821875 0.33037500000000003 0.330609375 0.2849375 0.34715625 0.24210416666666665 0.373453125 0.21222916666666666 0.40559375 0.1940625 0.43479687499999997 0.18366666666666667 0.45428125 0.19535416666666666 0.458171875 0.1940625 0.47278125 0.20833333333333334 0.47278125 0.2109375 0.502
0 0.475875 0.364953125 0.4781458333333333 0.35175 0.47929166666666667 0.34365625 0.4849583333333333 0.336421875 0.49916666666666665 0.32832812499999997 0.4968958333333333 0.320671875 0.4951875 0.307046875 0.5127708333333333 0.305765625 0.5269791666666667 0.30746875 0.5315208333333333 0.3198125 0.5320833333333334 0.330890625 0.544 0.33728125000000003 0.5559166666666666 0.345359375 0.5689791666666667 0.358984375 0.5792083333333333 0.36878125 0.5871458333333333 0.376453125 0.5803333333333334 0.381125 0.5695416666666666 0.38282812499999996 0.5565 0.37134375 0.5508124999999999 0.37134375 0.5530833333333334 0.386234375 0.5565 0.39475 0.5678541666666667 0.40242187500000004 0.5508124999999999 0.40667187499999996 0.5298125 0.396890625 0.5071041666666667 0.392625 0.49575 0.39134375 0.4917708333333334 0.379859375 0.5133541666666667 0.37559375 0.5286666666666666 0.365796875 0.5201666666666667 0.3585625 0.4963125 0.36196875 0.47758333333333336 0.36453125000000003
0 0.32406250000000003 0.278734375 0.3471666666666666 0.255625 0.3641041666666667 0.2533125 0.36872916666666666 0.264875 0.3717916666666667 0.302984375 0.33791666666666664 0.313390625 0.3302083333333333 0.3295625 0.2670625 0.35612499999999997 0.24395833333333333 0.375765625 0.24704166666666666 0.35612499999999997 0.2608958333333333 0.314546875 0.31018749999999995 0.282203125 0.31018749999999995 0.282203125
0 0.10185416666666666 0.3293125 0.11145833333333334 0.314640625 0.1125 0.3071875 0.1251875 0.308203125 0.12725 0.314125 0.13102083333333334 0.3208125 0.13204166666666667 0.33523437500000003 0.13479166666666667 0.3426875 0.12725 0.345265625
0 0.0745625 0.29365625 0.08247916666666667 0.2960625 0.08247916666666667 0.299953125 0.08445833333333333 0.301625 0.08345833333333334 0.304953125 0.07975 0.30625 0.08197916666666667 0.312921875 0.08247916666666667 0.316453125 0.07927083333333333 0.320703125 0.07802083333333334 0.32942187500000003 0.06864583333333334 0.333125 0.06320833333333334 0.336828125 0.0538125 0.33609374999999997 0.05454166666666667 0.33053125 0.05454166666666667 0.315515625 0.05604166666666666 0.309953125 0.06220833333333333 0.307734375 0.06591666666666667 0.305515625 0.0651875 0.297734375 0.06714583333333332 0.29384375 0.07233333333333333 0.29328125
0 0.6653125000000001 0.34976562499999997 0.6670416666666666 0.329125 0.6739166666666667 0.31621875 0.6816666666666666 0.31428124999999996 0.6868333333333333 0.31428124999999996 0.6893958333333334 0.3175 0.6859583333333333 0.3271875 0.6859583333333333 0.33621875 0.6782291666666667 0.353 0.6756458333333334 0.35557812499999997 0.6756458333333334 0.35557812499999997
0 0.6803541666666667 0.34953124999999996 0.6834375 0.359765625 0.6918124999999999 0.361421875 0.6944583333333333 0.362078125 0.6966458333333333 0.33565625 0.6979791666666666 0.319140625 0.693125 0.321453125 0.6918124999999999 0.32278125 0.6905 0.32575 0.6905 0.32871875 0.6905 0.33201562500000004 0.6856458333333334 0.333015625 0.6847708333333333 0.337640625 0.6847708333333333 0.340609375 0.6829999999999999 0.344234375 0.6816875 0.34721875
0 0.7525 0.318921875 0.7559166666666666 0.316796875 0.7564791666666667 0.311265625 0.7564791666666667 0.30615625 0.7638541666666666 0.301890625 0.7667083333333333 0.30146875 0.77125 0.303171875 0.772375 0.303171875 0.7791875 0.3095625 0.7797499999999999 0.3138125 0.7826041666666667 0.32190625 0.7854375 0.329984375 0.7911041666666667 0.340203125 0.7973541666666667 0.366421875 0.7956458333333334 0.36940625 0.7905416666666666 0.372375 0.7791875 0.372375 0.7746458333333333 0.372375 0.7678333333333334 0.36896874999999996 0.7678333333333334 0.36259375 0.7678333333333334 0.356625 0.7678333333333334 0.34896875 0.7678333333333334 0.341296875 0.7678333333333334 0.33406250000000004 0.7672708333333333 0.329796875 0.7559166666666666 0.3246875 0.7502291666666667 0.325125 0.751375 0.31915625
0 0.5474166666666667 0.31559375 0.5478124999999999 0.31009375 0.549625 0.305859375 0.5526458333333333 0.30451562499999996 0.5548541666666666 0.3024375 0.55625 0.301203125 0.5603750000000001 0.30015625 0.5624583333333334 0.301203125 0.5634166666666667 0.30140625 0.5661875 0.304296875 0.5664583333333333 0.30575 0.5638333333333333 0.30865624999999997 0.562875 0.309484375 0.5595625 0.31165625 0.5596875 0.315171875 0.5621875000000001 0.31796875 0.5653541666666667 0.31837499999999996 0.5675625 0.31848437500000004 0.5678333333333333 0.319421875 0.5675625 0.321484375 0.5647916666666667 0.32614062499999996 0.5585833333333333 0.32873437499999997 0.5522291666666667 0.33018749999999997 0.5482291666666667 0.327390625 0.5468541666666666 0.32553125 0.5505833333333333 0.317140625
0 0.44647916666666665 0.37046875 0.446125 0.35084375 0.4479166666666667 0.344390625 0.4525625 0.337671875 0.45579166666666665 0.331484375 0.46045833333333336 0.32987500000000003 0.46225 0.32959375 0.4636875 0.32421875 0.459375 0.315890625 0.46189583333333334 0.30862500000000004 0.46618750000000003 0.30674999999999997 0.4715625 0.30728125 0.4765833333333333 0.30890625 0.4819583333333333 0.312125 0.48054166666666664 0.317765625 0.48412499999999997 0.324765625 0.4895 0.3271875 0.49452083333333335 0.333359375 0.4887708333333334 0.336328125 0.48089583333333336 0.341703125 0.478375 0.348421875 0.4765833333333333 0.36535937500000004 0.4629583333333333 0.368859375 0.4518541666666666 0.37128125
0 0.7155416666666666 0.33890625 0.7241666666666667 0.33309375 0.7207083333333333 0.3195 0.7413958333333334 0.31303125 0.7491666666666668 0.318859375 0.7431249999999999 0.3324375 0.7457083333333333 0.3434375 0.7465833333333334 0.34990625 0.7379583333333334 0.356375 0.7362291666666666 0.35378125 0.7301875 0.37059375 0.718125 0.373828125 0.718125 0.339546875
0 0.13295833333333335 0.31448437500000004 0.14633333333333332 0.30653125000000003 0.14633333333333332 0.30134375 0.1564583333333333 0.29615625 0.16016666666666665 0.2958125 0.16660416666666666 0.299609375 0.16708333333333333 0.305140625 0.16108333333333333 0.311375 0.16245833333333334 0.31656249999999997 0.16245833333333334 0.323484375 0.1638541666666667 0.33246875 0.16108333333333333 0.334203125 0.15785416666666666 0.33384375 0.15508333333333332 0.32659375 0.15325 0.323828125 0.14310416666666667 0.32625000000000004 0.14262499999999997 0.329015625 0.14262499999999997 0.33073437499999997 0.14170833333333333 0.3335 0.1315625 0.33384375 0.1315625 0.33178125 0.13295833333333335 0.325203125 0.13479166666666667 0.320703125 0.13618750000000002 0.315515625
0 0.7702291666666666 0.34781249999999997 0.7672291666666666 0.342578125 0.76425 0.329859375 0.7522708333333333 0.32687499999999997 0.7423125 0.329859375 0.7462916666666667 0.34781249999999997 0.7353333333333333 0.35603125 0.7313333333333334 0.37996875 0.7273541666666666 0.3919375 0.7383124999999999 0.397171875 0.7452916666666667 0.39268749999999997 0.7512708333333333 0.385203125 0.7512708333333333 0.39642187500000003 0.7772083333333334 0.39642187500000003 0.7851874999999999 0.37846875 0.7841875 0.36875 0.7881666666666667 0.353796875 0.7692291666666667 0.340328125
