0 0.605859375 0.9056235294117647 0.605859375 0.8876470588235295 0.60884375 0.8741647058823528 0.6192968750000001 0.8719058823529412 0.6207812500000001 0.901129411764706 0.6163125 0.9168470588235295
0 0.68115625 0.9080705882352942 0.6794687500000001 0.9016941176470589 0.6797500000000001 0.8948705882352941 0.683140625 0.8906117647058823 0.682296875 0.8859294117647059 0.682015625 0.8804000000000001 0.684546875 0.8769882352941177 0.689078125 0.8769882352941177 0.6916249999999999 0.8812470588235294 0.6910624999999999 0.8884941176470589 0.689640625 0.8919058823529412 0.694734375 0.8965882352941177 0.6995312499999999 0.9016941176470589 0.700671875 0.9110588235294117 0.683140625 0.9102117647058823
0 0.6550625 0.7722588235294117 0.65428125 0.773435294117647 0.652921875 0.7752 0.651359375 0.7778352941176471 0.6499843750000001 0.7790117647058823 0.649015625 0.7819529411764705 0.64940625 0.7848941176470587 0.650765625 0.7913647058823529 0.650375 0.8046117647058824 0.6488125 0.813435294117647 0.648234375 0.8181411764705881 0.6499843750000001 0.8231529411764705 0.650765625 0.8237411764705882 0.652328125 0.823435294117647 0.65271875 0.8196235294117646 0.65271875 0.8143294117647059 0.653703125 0.8107764705882352 0.652703125 0.8100470588235293 0.653203125 0.8036235294117647 0.6539531249999999 0.8092941176470588 0.654203125 0.8172 0.654203125 0.8243764705882354 0.656453125 0.8243764705882354 0.658203125 0.8183529411764706 0.657703125 0.8077647058823529 0.65896875 0.7960705882352941 0.65896875 0.7938117647058823 0.6602187500000001 0.7892705882352941 0.66071875 0.7836 0.65921875 0.7824705882352941 0.65896875 0.7787058823529411 0.65921875 0.7730352941176472 0.6579531249999999 0.7704000000000001 0.655453125 0.7711529411764706
0 0.676890625 0.7933176470588236 0.675765625 0.7881882352941177 0.67434375 0.7864941176470588 0.671796875 0.7864941176470588 0.671515625 0.7864941176470588 0.670953125 0.7907529411764705 0.670953125 0.7924470588235295 0.670953125 0.7945882352941176 0.670890625 0.7973411764705882 0.6721250000000001 0.8016 0.67225 0.8047764705882352 0.672625 0.8056941176470589 0.67225 0.8092235294117648 0.6716249999999999 0.8127529411764707 0.671265625 0.8160941176470587 0.670765625 0.8207529411764706 0.670515625 0.8276235294117648 0.671015625 0.8328235294117646 0.67040625 0.8341176470588235 0.67225 0.8361647058823529 0.675078125 0.835035294117647 0.675703125 0.8318823529411765 0.67484375 0.8266823529411764 0.6744687500000001 0.8229647058823529 0.67496875 0.8211058823529412 0.676078125 0.8211058823529412 0.6768125 0.8263058823529412 0.675953125 0.8291058823529411 0.6763125 0.8315058823529411 0.6770625 0.8324470588235294 0.67865625 0.832635294117647 0.6815 0.8324470588235294 0.680875 0.8292941176470588 0.680765625 0.8248235294117647 0.680640625 0.818329411764706 0.6809999999999999 0.8160941176470587 0.6815 0.8121882352941177 0.680140625 0.8051294117647059 0.67890625 0.7993882352941176 0.678171875 0.7967764705882353 0.6776718749999999 0.7951058823529412
0 0.30225 0.7671294117647058 0.30915625 0.7677411764705883 0.313625 0.7668235294117647 0.3160625 0.7659058823529411 0.315046875 0.7585647058823529 0.31037499999999996 0.7573411764705883 0.31037499999999996 0.7536705882352941 0.31037499999999996 0.75 0.3095625 0.7460235294117648 0.30915625 0.7420470588235294 0.307734375 0.7402117647058823 0.30448437500000003 0.7463294117647059 0.30285937500000004 0.7515294117647058 0.302046875 0.7539764705882352 0.301234375 0.7594823529411764 0.303671875 0.7659058823529411
0 0.05765625 0.7712235294117646 0.055046874999999995 0.7577411764705883 0.055046874999999995 0.7434117647058823 0.056921875 0.7369411764705882 0.060640625000000004 0.7358117647058824 0.05990625000000001 0.7332941176470588 0.061015625 0.7299294117647059 0.06251562499999999 0.732729411764706 0.062328125 0.7358117647058824 0.06587499999999999 0.7459294117647058 0.068484375 0.7540705882352942 0.06625 0.7546352941176471 0.0653125 0.7507058823529412 0.063265625 0.7524 0.063625 0.7602588235294118 0.060828125 0.7675529411764705 0.060640625000000004 0.7723294117647059 0.05821875 0.7720470588235294
0 0.7362031250000001 0.8224235294117647 0.7350625 0.8062117647058823 0.734375 0.8020705882352941 0.7366718750000001 0.7996470588235295 0.74146875 0.8017176470588235 0.744 0.8058588235294117 0.74490625 0.8127529411764707 0.74421875 0.8217411764705883
0 0.30778125 0.7133411764705883 0.30271875000000004 0.7145176470588236 0.2995625 0.7142823529411765 0.29909375 0.711670588235294 0.29703124999999997 0.7119058823529412 0.295140625 0.7104941176470587 0.298140625 0.7066823529411764 0.30003125 0.7033411764705882 0.30067187500000003 0.7002588235294118 0.301765625 0.6959764705882353 0.30303125 0.6943058823529411 0.30509375 0.6952705882352941 0.306359375 0.6990588235294118 0.30793750000000003 0.701435294117647 0.30840625 0.7085882352941176 0.309515625 0.7133411764705883
0 0.211078125 0.8077882352941177 0.211203125 0.799435294117647 0.21218750000000003 0.7927529411764707 0.21403124999999998 0.7886588235294117 0.21589062499999997 0.7845647058823529 0.21823437499999998 0.7792 0.220453125 0.7803058823529412 0.22204687500000003 0.7845647058823529 0.22340624999999997 0.7897882352941177 0.22378125 0.8044470588235294 0.222421875 0.8051999999999999
0 0.27946875000000004 0.714564705882353 0.279609375 0.7029647058823529 0.28159375 0.6991058823529411 0.28259375000000003 0.6937176470588234 0.28531249999999997 0.6980235294117647 0.28531249999999997 0.7023294117647059 0.28715625 0.7038117647058824 0.285875 0.7096235294117647 0.289875 0.7100470588235294 0.289875 0.7139058823529413
0 0.66884375 0.7768941176470588 0.669625 0.7867764705882353 0.672703125 0.7797882352941177 0.672703125 0.7699058823529411 0.672703125 0.7582823529411764 0.67425 0.7501411764705882 0.6723125 0.7455058823529411 0.6723125 0.743764705882353 0.670390625 0.7391058823529412 0.668078125 0.7402823529411765 0.6653749999999999 0.743764705882353 0.6661406249999999 0.747835294117647 0.663828125 0.7513176470588235 0.6642187500000001 0.7693411764705883 0.6657656249999999 0.7867764705882353 0.668453125 0.7890823529411765 0.66884375 0.7803764705882353
0 0.719046875 0.9038823529411765 0.7183125 0.9003529411764706 0.718171875 0.8999058823529411 0.7158125 0.8961411764705882 0.715234375 0.890164705882353 0.715671875 0.8879529411764706 0.7174375000000001 0.8830823529411764 0.718171875 0.8824235294117646 0.7183125 0.8777882352941176 0.718609375 0.8742352941176471 0.72065625 0.8740235294117646 0.7228749999999999 0.8748941176470588 0.72434375 0.8784470588235294 0.72315625 0.8828705882352942 0.7228749999999999 0.8857411764705883 0.724625 0.890164705882353 0.725953125 0.8937176470588235 0.72875 0.8959294117647059 0.730515625 0.8974823529411765 0.73375 0.9001176470588236 0.73653125 0.9016705882352941 0.738734375 0.9047764705882352 0.73946875 0.9083058823529411 0.739328125 0.9116235294117647 0.73653125 0.914964705882353 0.733 0.9153882352941177 0.7291875 0.9156235294117647 0.722140625 0.9151764705882353 0.719640625 0.9100941176470588 0.7189062500000001 0.9052235294117648 0.7189062500000001 0.9047764705882352
