0 0.30592 0.8115434083601286 0.312 0.8104501607717042 0.31401999999999997 0.7919935691318328 0.32516 0.8136977491961415 0.33056 0.8120900321543408 0.32314 0.7860450160771705 0.32348000000000005 0.767588424437299 0.32212 0.7594212218649518 0.32144 0.75508038585209 0.32212 0.7463987138263666 0.32144 0.744790996784566 0.31942000000000004 0.7431511254019293 0.31839999999999996 0.7420578778135049 0.31504000000000004 0.7496784565916399 0.31436000000000003 0.7529260450160772 0.30524 0.7789710610932475 0.30794 0.7876527331189711 0.30895999999999996 0.7860450160771705
0 0.04482 0.8745337620578779 0.04268 0.8664630225080386 0.04124 0.8537620578778135 0.0434 0.824887459807074 0.04482 0.7925401929260449 0.05346 0.7671061093247589 0.062079999999999996 0.7555627009646302 0.06494 0.7440192926045016 0.07356 0.7486173633440514 0.0707 0.7671061093247589 0.07286 0.8087138263665594 0.06998 0.8375884244372991 0.07214 0.85491961414791 0.07214 0.8664630225080386 0.06854 0.8687781350482315 0.0592 0.8318006430868167 0.04914 0.8629903536977491
0 0.08384 0.8277813504823152 0.0841 0.8188424437299036 0.0841 0.8081993569131832 0.08198 0.8039228295819936 0.07908 0.7937299035369775 0.0841 0.777524115755627 0.08834 0.7673311897106109 0.09046 0.7566881028938908 0.09309999999999999 0.7519935691318328 0.09814 0.7502893890675242 0.10158 0.7541157556270096 0.1037 0.7694533762057878 0.1029 0.7894533762057878 0.1029 0.7911575562700965 0.10212 0.8056270096463023 0.10184 0.8158520900321543 0.10078 0.8277813504823152 0.09602 0.8307717041800643 0.08886 0.8311897106109325 0.08436 0.8294855305466239
0 0.29813999999999996 0.7456270096463022 0.2983 0.7545659163987137 0.29766000000000004 0.7620900321543408 0.29734 0.7709967845659164 0.29456 0.7728938906752412 0.29362 0.7691961414790996 0.29266000000000003 0.7582636655948553 0.29116000000000003 0.7541800643086817 0.29172000000000003 0.7491961414790996 0.29225999999999996 0.7453697749196142 0.29338 0.7428295819935692 0.29338 0.7397749196141479 0.29568 0.7383601286173633 0.29813999999999996 0.7409324758842444
0 0.266 0.7610610932475884 0.26633999999999997 0.7535369774919614 0.26616 0.747363344051447 0.267 0.7438585209003216 0.26983999999999997 0.742797427652733 0.27186 0.7567524115755627 0.27102 0.7616077170418006 0.27018000000000003 0.7680707395498393 0.26818000000000003 0.7710289389067524 0.26566 0.7696784565916399
0 0.48194 0.7592604501607717 0.48231999999999997 0.7690353697749196 0.48252 0.7913183279742765 0.48194 0.8065916398713826 0.47606 0.8062700964630225 0.4751 0.7922508038585209 0.4751 0.7714790996784566 0.47737999999999997 0.7641479099678457 0.47624 0.7586495176848874 0.47852 0.7565273311897106 0.4808 0.7559163987138264
0 0.8807999999999999 0.740032154340836 0.88452 0.7473954983922829 0.88682 0.7834083601286174 0.8833799999999999 0.782508038585209 0.8762000000000001 0.7788102893890676 0.87648 0.740032154340836
0 0.9593200000000001 0.7688102893890675 0.9593200000000001 0.7635048231511253 0.95866 0.7603215434083601 0.9583200000000001 0.7544694533762057 0.9583200000000001 0.7501929260450161 0.95866 0.7475241157556269 0.95866 0.7432797427652733 0.95966 0.7416720257234727 0.9612999999999999 0.7427331189710611 0.9612999999999999 0.7454019292604501 0.96296 0.7496784565916399 0.9632999999999999 0.7576527331189711 0.9622999999999999 0.7597749196141479 0.9616399999999999 0.7699035369774919 0.9603200000000001 0.7709646302250804 0.9593200000000001 0.7709646302250804
0 0.28038 0.7701929260450161 0.28016 0.7483601286173633 0.28104 0.7466237942122186 0.28148 0.7430868167202572 0.28322 0.7416720257234727 0.28388 0.7441479099678456 0.28542 0.7469774919614148 0.28542 0.7561093247588425 0.28432 0.7578778135048231 0.2841 0.7694855305466238 0.28278 0.7705466237942121
0 0.78862 0.7679742765273312 0.79038 0.7728938906752412 0.79132 0.7787781350482315 0.79038 0.7831189710610933 0.78992 0.7846302250803859 0.78392 0.7838585209003216 0.7837999999999999 0.7802893890675241 0.78344 0.7742122186495177 0.7836799999999999 0.7687459807073955 0.7837999999999999 0.7666559485530546 0.7856799999999999 0.7661093247588424 0.78826 0.7677813504823151
