0 0.04376 0.4497704918032787 0.06838 0.4206229508196721 0.05608 0.3668196721311475 0.07522 0.35337704918032786 0.09709999999999999 0.3757704918032787 0.10258 0.4004590163934426 0.10258 0.42960655737704917 0.11216 0.4789180327868852 0.11762 0.5551475409836065 0.1231 0.6157049180327868 0.11216 0.6515737704918032 0.09984 0.7076393442622951 0.09848 0.788327868852459 0.10122 0.8040327868852458 0.12856 0.8197377049180328 0.11626 0.828688524590164 0.0889 0.828688524590164 0.07931999999999999 0.8197377049180328 0.06154 0.8197377049180328 0.05744 0.797311475409836 0.05198 0.6717377049180328 0.05198 0.5618688524590164 0.05608 0.5372131147540984 0.038299999999999994 0.526 0.0040999999999999995 0.501344262295082 0.00684 0.4856393442622951 0.03556 0.4564918032786885 0.04104 0.4497704918032787
0 0.34428 0.44380327868852465 0.34532 0.438688524590164 0.34892 0.4315081967213115 0.34944 0.42557377049180334 0.35204 0.4242950819672131 0.35488 0.42131147540983604 0.35642 0.412 0.35772000000000004 0.40350819672131144 0.3629 0.4022622950819672 0.36548 0.4060655737704918 0.36754000000000003 0.41285245901639345 0.3678 0.41878688524590163 0.36857999999999996 0.4234426229508197 0.37038 0.41963934426229504 0.3753 0.41878688524590163 0.37607999999999997 0.4209180327868852 0.37298000000000003 0.4238688524590164 0.37063999999999997 0.4280983606557377 0.36496 0.430655737704918 0.36444 0.4353114754098361 0.36134 0.4340327868852459 0.35902 0.4315081967213115 0.35592 0.43275409836065576 0.35462 0.43701639344262294 0.35358 0.4412459016393443 0.34996 0.4429508196721311
0 0.15686000000000003 0.5162295081967213 0.1564 0.4854426229508197 0.16341999999999998 0.4746885245901639 0.15968000000000002 0.4593114754098361 0.16202 0.44393442622950824 0.16341999999999998 0.427016393442623 0.16436 0.42239344262295087 0.17562 0.4216065573770492 0.1775 0.42855737704918034 0.17328 0.4654426229508197 0.17374 0.48006557377049175 0.17704 0.5139016393442624 0.16812 0.504688524590164
0 0.22191999999999998 0.42318032786885246 0.22466 0.41927868852459016 0.22347999999999998 0.4115409836065574 0.22191999999999998 0.39734426229508196 0.22506 0.39154098360655737 0.23176 0.39088524590163937 0.2349 0.3947540983606558 0.2349 0.4102622950819672 0.23332 0.4334754098360656 0.22546000000000002 0.4309180327868853 0.22152000000000002 0.42639344262295087
0 0.25072 0.45449180327868854 0.24936000000000003 0.4491803278688525 0.24774000000000002 0.44032786885245906 0.24963999999999997 0.4340983606557377 0.25368 0.431016393442623 0.25774 0.43232786885245905 0.26233999999999996 0.4429836065573771 0.2591 0.4469508196721311 0.25964 0.4496065573770492 0.25854000000000005 0.45360655737704914 0.25745999999999997 0.4562622950819672 0.2591 0.4611147540983606 0.26098000000000005 0.4655409836065574 0.26368 0.47219672131147544 0.268 0.47973770491803275 0.26638 0.48416393442622946 0.26152 0.48770491803278687 0.26072 0.4934426229508197 0.25989999999999996 0.49875409836065576 0.24287999999999998 0.5023278688524591 0.23964 0.5023278688524591 0.23856 0.495672131147541 0.2372 0.489016393442623 0.23612 0.4783934426229508 0.23802 0.4691147540983607 0.23856 0.4642295081967213 0.24287999999999998 0.4598032786885246 0.24396 0.4598032786885246
0 0.25889999999999996 0.45393442622950814 0.26380000000000003 0.4428524590163934 0.26074 0.4313114754098361 0.26104 0.42475409836065575 0.26564 0.4132131147540984 0.27148 0.4137049180327869 0.27576 0.42475409836065575 0.27454 0.43734426229508194 0.27638 0.4458688524590164 0.27668 0.45845901639344266 0.27946 0.47554098360655733 0.27976 0.4820983606557377 0.28222 0.499672131147541 0.28252 0.5122622950819672 0.27914 0.5122622950819672 0.27454 0.5032131147540984 0.27056 0.49918032786885247 0.26104 0.4981639344262295 0.26136000000000004 0.49013114754098364 0.26688 0.4860983606557377 0.26902 0.48108196721311475 0.26626 0.47606557377049175 0.26074 0.4675081967213115 0.2592 0.46196721311475414
0 0.02504 0.4627540983606557 0.02504 0.4564590163934426 0.023940000000000003 0.4465573770491803 0.02118 0.44386885245901636 0.014060000000000001 0.4429508196721311 0.01076 0.4537704918032787 0.011859999999999999 0.4645573770491803 0.0146 0.4717704918032786
0 0.14432 0.45718032786885243 0.14956 0.4485901639344262 0.1489 0.43999999999999995 0.14628 0.43245901639344264 0.14366 0.4260327868852459 0.13644 0.4195737704918033 0.13252 0.42173770491803275 0.12596 0.4314098360655738 0.12596 0.44321311475409836 0.12662 0.4518360655737705 0.1253 0.46580327868852456 0.1253 0.4819016393442623 0.12464 0.4915737704918033 0.12596 0.5066229508196721 0.12990000000000002 0.5184590163934426 0.13382 0.5335081967213114 0.1358 0.5420983606557377 0.1371 0.549639344262295 0.14562 0.5378032786885246 0.15218 0.5302622950819672 0.15218 0.5195409836065574 0.15218 0.5077049180327868 0.15088 0.49803278688524594 0.14759999999999998 0.48298360655737704 0.14628 0.4722295081967213 0.14432 0.45934426229508196
0 0.43301999999999996 0.4048852459016393 0.42910000000000004 0.3887540983606557 0.42910000000000004 0.3672459016393443 0.43301999999999996 0.36295081967213116 0.43957999999999997 0.3618688524590164 0.44482 0.36403278688524593 0.44744 0.3758360655737705 0.44876 0.38767213114754095 0.4481 0.39950819672131144 0.44024 0.4080983606557377 0.43762 0.4113114754098361 0.43762 0.4113114754098361
0 0.6178400000000001 0.3182622950819672 0.6204 0.30655737704918035 0.62098 0.2958032786885246 0.61412 0.28504918032786886 0.61384 0.2845901639344262 0.6092799999999999 0.29160655737704916 0.6087 0.2981639344262295 0.61042 0.30891803278688523 0.61412 0.32249180327868854 0.6167 0.32295081967213113 0.61754 0.32295081967213113
0 0.56148 0.25163934426229506 0.55544 0.3178688524590164 0.5373600000000001 0.3132459016393443 0.53488 0.2975409836065574 0.54552 0.2772131147540984 0.55084 0.25511475409836065 0.55792 0.24524590163934426
