0 0.08784 0.79616 0.01182 0.8029333333333334 0.0 0.6790666666666667 0.08784 0.6250133333333333 0.16892 0.52816 0.28886 0.35472000000000004 0.30236 0.30968 0.38852 0.23085333333333333 0.45102 0.17906666666666668 0.50844 0.18805333333333332 0.5608200000000001 0.21733333333333332 0.61318 0.31869333333333333 0.68412 0.37725333333333333 0.73986 0.45384 0.80744 0.4786133333333333 0.8598 0.4087733333333333 0.9155399999999999 0.31645333333333336 0.98648 0.29392 1.0 0.42229333333333335 0.9071 0.46959999999999996 0.80236 0.5506666666666666 0.7652 0.5844533333333333 0.72636 0.5258933333333333 0.64528 0.55968 0.56756 0.5574399999999999 0.5473 0.616 0.55574 0.6227466666666667 0.48986 0.60472 0.39696 0.5529333333333333 0.33446 0.6092266666666667 0.27702 0.6069866666666667 0.22972 0.6114933333333333 0.14358 0.6520266666666666 0.11486 0.7443733333333333
0 0.99928 0.4226933333333333 0.9055599999999999 0.47128 0.77646 0.58304 0.7280599999999999 0.53168 0.65726 0.5455466666666667 0.6504800000000001 0.56152 0.63434 0.5608266666666667 0.6354 0.5844266666666666 0.64944 0.6066400000000001 0.6468400000000001 0.6218933333333334 0.65934 0.6337066666666666 0.676 0.6260533333333334 0.69578 0.6531466666666667 0.676 0.6690933333333333 0.67444 0.6566133333333333 0.67184 0.6461866666666667 0.66246 0.6392533333333333 0.6484 0.6441066666666666 0.63122 0.6503466666666666 0.61666 0.6545333333333333 0.60364 0.6677066666666667 0.59948 0.66216 0.61612 0.6461866666666667 0.61718 0.62744 0.60468 0.6135733333333333 0.5833400000000001 0.6184266666666667 0.59166 0.5878933333333334 0.5984400000000001 0.58304 0.5869800000000001 0.56152 0.5609400000000001 0.56568 0.5536599999999999 0.5927466666666666 0.5599 0.61288 0.5724 0.6212 0.5578200000000001 0.6267466666666667 0.55002 0.64064 0.55106 0.66008 0.56198 0.67464 0.59366 0.6793066666666667 0.59438 0.7025333333333333 0.60454 0.7199466666666667 0.61834 0.7238133333333333 0.62488 0.7422133333333333 0.6350399999999999 0.7615733333333332 0.6488400000000001 0.7654666666666667 0.70112 0.7925599999999999 0.74576 0.9039466666666667 0.8432200000000001 0.9886933333333333 0.99858 0.9886933333333333
0 0.43832 0.00047999999999999996 0.46046 0.0015733333333333333 0.46292 0.017973333333333334 0.47522000000000003 0.031093333333333334 0.48054 0.04802666666666667 0.47234 0.05074666666666667 0.47808 0.06714666666666666 0.48422000000000004 0.07533333333333334 0.46702 0.09992 0.45554 0.10757333333333334 0.43792000000000003 0.10538666666666667 0.42234 0.11631999999999999 0.4035 0.12016 0.39077999999999996 0.12069333333333333 0.39038 0.11304 0.39898 0.09392 0.40514 0.08626666666666667 0.43095999999999995 0.05896 0.44448000000000004 0.044186666666666666 0.43463999999999997 0.03272 0.42932 0.026719999999999997 0.42726 0.015226666666666666 0.4289 0.00047999999999999996
0 0.71462 0.08653333333333334 0.71878 0.06941333333333334 0.71428 0.05690666666666667 0.72468 0.04904 0.74064 0.05829333333333333 0.74376 0.07818666666666667 0.75176 0.09253333333333334 0.7559199999999999 0.11381333333333334 0.73856 0.12538666666666667 0.73718 0.09994666666666666 0.72988 0.08328 0.7201799999999999 0.08144
0 0.8035800000000001 0.13090666666666667 0.77358 0.10677333333333333 0.7679 0.08621333333333332 0.76952 0.07144 0.77304 0.06458666666666667 0.78304 0.06061333333333333 0.7917000000000001 0.06602666666666666 0.79574 0.08152 0.79548 0.09557333333333334 0.80468 0.10208 0.80764 0.11216000000000001 0.8071 0.13018666666666667
0 0.8692799999999999 0.10197333333333333 0.8635 0.07112 0.8413200000000001 0.042853333333333334 0.8317 0.038373333333333336 0.82012 0.05893333333333334 0.82398 0.07562666666666666 0.8365 0.10261333333333332 0.85578 0.10712 0.85192 0.12058666666666666 0.86012 0.12058666666666666 0.86542 0.11224
0 0.8174199999999999 0.0024000000000000002 0.8545 0.06306666666666666 0.8882000000000001 0.07656 0.9 0.08778666666666667 0.88146 0.1552 0.84776 0.26306666666666667 0.83258 0.3462133333333334 0.82752 0.37544 0.79044 0.37767999999999996 0.7854 0.3978933333333334 0.75674 0.42711999999999994 0.73146 0.42935999999999996 0.73146 0.42935999999999996 0.7146 0.4405866666666667 0.76012 0.4720533333333334 0.81574 0.4720533333333334 0.90338 0.3372266666666667 1.0 0.28330666666666665 0.99438 0.00464
0 0.0 0.23949333333333334 0.040740000000000005 0.25184 0.046299999999999994 0.3160533333333333 0.00926 0.3950666666666667 0.09074 0.3135733333333333 0.18334 0.30863999999999997 0.22038 0.30863999999999997 0.27777999999999997 0.15554666666666667 0.20926 0.004933333333333334 0.00186 0.00248 0.00556 0.23210666666666668
0 0.43151999999999996 0.1489066666666667 0.45818000000000003 0.12562666666666666 0.47656 0.09498666666666666 0.49126 0.061893333333333335 0.49678 0.03984 0.48392 0.03370666666666667 0.46646 0.0276 0.45726 0.0 0.56112 0.0 0.5841000000000001 0.010426666666666667 0.61534 0.05210666666666666 0.63832 0.134 0.62546 0.16832 0.58502 0.19282666666666667 0.5602 0.21245333333333333 0.48760000000000003 0.18426666666666666 0.44716 0.17813333333333334 0.40764 0.21365333333333333 0.4113 0.20141333333333333 0.39383999999999997 0.18669333333333335 0.40488 0.15608 0.42325999999999997 0.14872000000000002
0 0.64434 0.15746666666666667 0.6615 0.15226666666666666 0.6755399999999999 0.13770666666666667 0.6896 0.14498666666666665 0.70208 0.15330666666666667 0.7208 0.14810666666666666 0.72548 0.11690666666666667 0.72548 0.094 0.7122200000000001 0.08775999999999999 0.70286 0.07632 0.6896 0.060719999999999996 0.6896 0.033653333333333334 0.68024 0.022213333333333335 0.6724199999999999 0.006613333333333333 0.6342000000000001 0.005573333333333333 0.6303 0.03784 0.6381 0.060719999999999996 0.63966 0.06280000000000001
