0 0.053921874999999994 0.6713953488372093 0.053921874999999994 0.6568837209302325 0.054390625000000005 0.6452325581395348 0.050562499999999996 0.6440232558139535 0.054234375 0.626906976744186 0.054390625000000005 0.6207209302325581 0.05759375 0.6197674418604651 0.059187500000000004 0.6214418604651163 0.059343749999999994 0.626906976744186 0.060625 0.6333255813953488 0.061906249999999996 0.6302325581395349 0.062703125 0.6354651162790698 0.061906249999999996 0.64 0.06046875 0.6406976744186047 0.058546875 0.6518837209302326 0.05775 0.6602093023255814 0.05759375 0.6706744186046512 0.059828124999999996 0.6737674418604652 0.055671875 0.6747209302325581 0.054078125 0.6744883720930231
0 0.028437499999999998 0.677 0.027859375 0.657046511627907 0.026171875 0.6466511627906977 0.02446875 0.6402093023255815 0.02521875 0.6340232558139535 0.025984374999999997 0.6303720930232558 0.027859375 0.6230697674418605 0.028625 0.621953488372093 0.032390625 0.6222325581395349 0.03353125 0.6286744186046511 0.032953125 0.635139534883721 0.03540625 0.6399302325581395 0.037109375 0.6438604651162791 0.035796875 0.6458139534883721 0.03409375 0.646093023255814 0.03390625 0.6618372093023255 0.031640625 0.6741860465116278 0.031828125 0.680093023255814 0.029562500000000002 0.680093023255814 0.029375000000000002 0.679813953488372
0 0.061906249999999996 0.6494418604651162 0.057374999999999995 0.6314651162790696 0.061906249999999996 0.6179767441860465 0.06643750000000001 0.6179767441860465 0.069453125 0.6382093023255814 0.069453125 0.6606744186046511 0.069453125 0.6651627906976744 0.06643750000000001 0.6674186046511628
0 0.03665625 0.6345581395348837 0.03578125 0.6301860465116279 0.03753125 0.6282325581395348 0.039 0.6275813953488373 0.039 0.6258139534883721 0.039 0.6240697674418605 0.038859375 0.6214651162790699 0.0419375 0.6162093023255815 0.043546875 0.6177441860465116 0.043703124999999995 0.6221162790697674 0.04634375 0.6297441860465117 0.045609375 0.6328139534883721 0.044875 0.636093023255814 0.045015625 0.6446046511627908 0.045453125 0.6485348837209303 0.046046875 0.6524651162790698 0.045453125 0.6546511627906977 0.045453125 0.657046511627907 0.044875 0.666232558139535 0.043546875 0.6710232558139535 0.0394375 0.6703720930232558 0.041359375 0.6642558139534883 0.041640625 0.6623023255813953 0.03959375 0.659232558139535 0.039296874999999995 0.6555348837209303 0.0385625 0.6524651162790698 0.037390625 0.6502790697674419 0.036796875 0.6494186046511627 0.03665625 0.6469999999999999 0.037828125000000004 0.6433023255813953 0.037390625 0.6354418604651163
0 0.045984375 0.6251162790697675 0.04678125 0.6208139534883721 0.047578125 0.6196279069767442 0.048625 0.6196279069767442 0.051000000000000004 0.625906976744186 0.05125 0.6262790697674419 0.047828125 0.625906976744186 0.047046875 0.6266744186046512
0 0.86196875 0.6576744186046511 0.8615625 0.6228837209302325 0.8590937500000001 0.6124883720930233 0.8588906250000001 0.5908139534883721 0.856640625 0.583186046511628 0.85253125 0.5834883720930233 0.84884375 0.5914418604651163 0.8455625 0.6170697674418604 0.843515625 0.6237906976744186 0.844328125 0.6473023255813953 0.84475 0.664093023255814 0.8513125 0.6616511627906977 0.8513125 0.6451627906976745 0.85603125 0.6476046511627908 0.856234375 0.6341627906976744
0 0.022828124999999998 0.6221395348837209 0.026000000000000002 0.6146976744186047 0.02809375 0.6193953488372093 0.026000000000000002 0.6248837209302325 0.026250000000000002 0.6276046511627907 0.024421875000000003 0.6354418604651163 0.024421875000000003 0.6397674418604652 0.027046874999999998 0.6476046511627908 0.027578125 0.6546511627906977 0.02809375 0.6632790697674418 0.028359375 0.6703255813953488 0.028625 0.6758139534883721 0.026515624999999998 0.6781627906976745 0.023359374999999998 0.6754186046511628 0.022828124999999998 0.6679767441860466 0.022046875 0.6515116279069767 0.022046875 0.6413255813953488 0.0223125 0.6295813953488373
0 0.04584375 0.6703023255813954 0.0460625 0.6599767441860466 0.044828125 0.6545116279069767 0.04421875 0.6426511627906976 0.044828125 0.6335348837209303 0.046671875 0.6280697674418605 0.047890625 0.6259302325581395 0.051359375 0.6262325581395348 0.051765625 0.6298837209302326 0.052796875 0.6350465116279069 0.053000000000000005 0.6386976744186046 0.052593749999999995 0.6487209302325582 0.052593749999999995 0.6596744186046513 0.052796875 0.6657441860465115 0.052593749999999995 0.6706046511627908 0.051359375 0.673953488372093 0.046468749999999996 0.6730465116279071
0 0.059421875 0.6466744186046511 0.05903125 0.6577906976744187 0.06073437499999999 0.6583023255813953 0.060140625 0.6648372093023256 0.06351562499999999 0.666906976744186 0.06351562499999999 0.6561627906976744 0.061734374999999994 0.6485581395348837 0.061203125000000004 0.6467209302325581 0.059546875 0.6466511627906977
0 0.018578125 0.648232558139535 0.0144375 0.6466046511627908 0.0144375 0.6394651162790699 0.014875 0.6346046511627906 0.01553125 0.6290697674418605 0.015312500000000001 0.6258372093023256 0.013343749999999998 0.6222558139534884 0.015734375000000002 0.6170697674418604 0.018359375 0.6196511627906977 0.019890625000000002 0.6245348837209302 0.020984375 0.6339534883720931 0.0211875 0.6443255813953488 0.020984375 0.6492093023255815 0.021625 0.6677209302325582 0.019453124999999998 0.6680232558139535 0.019234375 0.6641395348837209 0.018796874999999998 0.6566744186046511 0.018578125 0.6501860465116279
