0 0.691109375 0.7643893129770992 0.700078125 0.7321374045801526 0.70246875 0.7431297709923663 0.696390625 0.776030534351145 0.6985 0.7927862595419848 0.6958593750000001 0.8031297709923664 0.697171875 0.8076335877862595 0.7011406250000001 0.7940839694656489 0.7011406250000001 0.792175572519084 0.700875 0.775381679389313 0.704046875 0.7669847328244275 0.702984375 0.7766793893129771 0.70246875 0.8076335877862595 0.704046875 0.8089312977099237 0.7090625 0.7915267175572519 0.7090625 0.7908778625954199 0.70853125 0.776030534351145 0.711171875 0.7747328244274809 0.714078125 0.7534351145038168 0.714078125 0.7534351145038168 0.712234375 0.7256870229007634 0.70721875 0.7166412213740457 0.70959375 0.7050381679389313 0.70853125 0.6921374045801527 0.700875 0.6850381679389312 0.696390625 0.69793893129771 0.696390625 0.698587786259542 0.69690625 0.718587786259542 0.699296875 0.7218320610687023 0.688203125 0.7637786259541985 0.688203125 0.7637786259541985
0 0.780890625 0.5675954198473283 0.7807031249999999 0.5620229007633588 0.7805156249999999 0.559732824427481 0.7807031249999999 0.556030534351145 0.78203125 0.5532442748091603 0.784890625 0.5550763358778626 0.784890625 0.5625190839694656 0.785453125 0.5675954198473283 0.78640625 0.5675954198473283 0.78696875 0.576412213740458 0.777484375 0.5768702290076335 0.777671875 0.5712977099236641 0.777296875 0.5685496183206107
0 0.8583281250000001 0.5591603053435115 0.856078125 0.5591603053435115 0.8535 0.556030534351145 0.8528593750000001 0.5497709923664121 0.856078125 0.5426717557251909 0.8557499999999999 0.5379770992366412 0.855109375 0.5301145038167938 0.85671875 0.523854961832061 0.860890625 0.524618320610687 0.863140625 0.5332824427480916 0.866046875 0.5474045801526717 0.8657187499999999 0.5937404580152672 0.8592968750000001 0.5992366412213741
0 0.8503437500000001 0.5358778625954199 0.8503437500000001 0.5219847328244275 0.850046875 0.516793893129771 0.84959375 0.5143893129770992 0.84959375 0.5097709923664122 0.8498125 0.507557251908397 0.8515625 0.5077099236641222 0.8518593750000001 0.511793893129771 0.8517812499999999 0.5145801526717557 0.8522343749999999 0.5169847328244275 0.85390625 0.517557251908397 0.854890625 0.517175572519084 0.8553593749999999 0.5156870229007634 0.856109375 0.5177480916030535 0.85603125 0.5201526717557252 0.8540625000000001 0.5227480916030535 0.85390625 0.5319847328244275 0.854890625 0.5319847328244275 0.8552031250000001 0.539618320610687 0.85421875 0.5422137404580153 0.8514062499999999 0.544236641221374 0.8495156250000001 0.5427480916030534 0.8502656249999999 0.5357251908396947
0 0.82221875 0.5841984732824428 0.8219843750000001 0.5504961832061068 0.8193125 0.5617175572519083 0.81859375 0.5693893129770993 0.8188281249999999 0.5776717557251908 0.8178593749999999 0.5812213740458015 0.8176249999999999 0.5599618320610688 0.8178593749999999 0.5475190839694656 0.8193125 0.539236641221374 0.822703125 0.5357251908396947 0.8231875000000001 0.5280152671755726 0.822703125 0.5220992366412214 0.8239218749999999 0.516793893129771 0.8273125 0.5173664122137405 0.8280312500000001 0.5232824427480915 0.8280312500000001 0.5291984732824427 0.8277812499999999 0.5351145038167938 0.8273125 0.5398473282442748 0.82971875 0.5433969465648855 0.8311718750000001 0.5481297709923665 0.832390625 0.5581679389312978 0.833109375 0.5794656488549618 0.832625 0.580648854961832 0.830203125 0.5534351145038168 0.830453125 0.5812213740458015
0 0.570484375 0.5647709923664123 0.57140625 0.5533969465648856 0.57528125 0.5537786259541985 0.57684375 0.5632442748091603 0.57946875 0.5696946564885496 0.5814843749999999 0.5753435114503818 0.5838125 0.5844274809160306 0.5838125 0.6018702290076335 0.58303125 0.6086641221374046 0.5760625 0.6109541984732824 0.570640625 0.6109541984732824 0.569859375 0.6056488549618321 0.568625 0.5840458015267176 0.56846875 0.5753435114503818 0.56925 0.5708015267175574 0.569703125 0.5693129770992367
0 0.86525 0.508320610687023 0.8615 0.5080152671755725 0.8619999999999999 0.47477099236641224 0.8632500000000001 0.47019083969465647 0.8654999999999999 0.4726335877862595 0.865625 0.4787404580152672 0.865875 0.4894274809160305 0.866125 0.4985496183206107
0 0.877125 0.46954198473282444 0.877 0.47377862595419845 0.8768125 0.4767557251908397 0.8765468750000001 0.47942748091603055 0.8765468750000001 0.4835114503816794 0.8764843750000001 0.4904198473282443 0.87675 0.49496183206106875 0.8769375 0.4981297709923664 0.8768750000000001 0.5018702290076337 0.8770625000000001 0.5032824427480916 0.87790625 0.5042366412213741 0.8795781249999999 0.5032824427480916 0.88046875 0.5018702290076337 0.88065625 0.49671755725190836 0.88028125 0.4910687022900763 0.88021875 0.48870229007633587 0.8804062500000001 0.4830534351145038 0.88053125 0.4780152671755725 0.88021875 0.47412213740458015 0.8800156250000001 0.4728625954198473 0.8798281250000001 0.46954198473282444 0.8791249999999999 0.4676717557251908 0.878671875 0.4675190839694656 0.877515625 0.4681297709923664
0 0.8928593749999999 0.5002671755725191 0.89340625 0.4943129770992366 0.89340625 0.4846946564885496 0.89340625 0.4797328244274809 0.89340625 0.46942748091603054 0.89340625 0.4647709923664122 0.8920468749999999 0.4564885496183206 0.890015625 0.46446564885496183 0.890015625 0.46446564885496183 0.890015625 0.46545801526717556 0.890015625 0.46580152671755726 0.889875 0.46877862595419845 0.88865625 0.47572519083969467 0.88865625 0.4780534351145038 0.889875 0.4863358778625954 0.890015625 0.48900763358778626 0.890421875 0.49797709923664124 0.890828125 0.5025954198473283
0 0.911671875 0.4933206106870229 0.9122656250000001 0.4865648854961832 0.912171875 0.47931297709923665 0.91146875 0.4732824427480916 0.9117656249999999 0.4679770992366412 0.91028125 0.46412213740458014 0.9077187500000001 0.46675572519083974 0.9075156249999999 0.47087786259541986 0.9064375 0.4814885496183206 0.90703125 0.4904198473282443 0.9061406249999999 0.49740458015267175 0.9110781250000001 0.49667938931297706
0 0.803609375 0.513587786259542 0.8026249999999999 0.4989694656488549 0.80409375 0.4983587786259542 0.8060625 0.5031297709923663 0.80678125 0.5145038167938931
