0 0.029281249999999998 0.9786093749999999 0.0675625 0.8119375 0.15540625 0.735359375 0.229734375 0.72409375 0.22296875 0.672296875 0.171171875 0.606984375 0.108109375 0.643015625 0.0563125 0.582203125 0.123875 0.52590625 0.171171875 0.4335625 0.268015625 0.41779687499999996 0.364859375 0.42904687499999994 0.45270312500000004 0.516890625 0.427921875 0.72184375 0.518015625 0.66328125 0.610359375 0.5799531250000001 0.709453125 0.52815625 0.75225 0.47634375 0.75225 0.38175 0.8108124999999999 0.262390625 0.9436875 0.334453125 0.8918906249999999 0.478609375 0.8153124999999999 0.5596875 0.5563125 0.757890625 0.5675625 0.84571875 0.49325 0.8727499999999999 0.48873437500000005 0.9763437500000001 0.02703125 0.985359375
0 0.492578125 0.396671875 0.48987499999999995 0.39449999999999996 0.48987499999999995 0.38990625 0.49068750000000005 0.385046875 0.49068750000000005 0.379921875 0.49068750000000005 0.37425 0.48987499999999995 0.37101562499999996 0.48825 0.366140625 0.48825 0.3615625 0.49148437500000003 0.35778125 0.493375 0.355890625 0.49365625 0.352375 0.49635937500000005 0.35103125 0.499046875 0.35103125 0.5022968750000001 0.35290625000000003 0.502828125 0.35615625 0.502828125 0.35939062499999996 0.5044531250000001 0.36209375 0.5058125 0.365609375 0.5060781249999999 0.3683125 0.503375 0.37128125 0.502828125 0.37425 0.5025625 0.37965625 0.50175 0.384515625 0.5009375 0.38856250000000003 0.49959375 0.39045312499999996 0.498515625 0.39234375 0.498515625 0.3953125 0.499046875 0.396671875 0.49743750000000003 0.39746875 0.49607812500000004 0.39746875 0.49365625 0.396671875
0 0.469828125 0.407296875 0.46003125 0.40601562500000005 0.460453125 0.3864375 0.458328125 0.380046875 0.45704687499999996 0.375359375 0.45790625 0.367703125 0.460453125 0.36471875 0.462578125 0.361734375 0.465984375 0.3591875 0.470671875 0.36471875 0.47109375 0.3706875 0.47493749999999996 0.379203125 0.47109375 0.38303125 0.468125 0.39325
0 0.9299687499999999 0.70621875 0.851515625 0.6986875 0.84184375 0.683640625 0.8031406249999999 0.682578125 0.766609375 0.671828125 0.753703125 0.66215625 0.76875 0.6481874999999999 0.78271875 0.64925 0.783796875 0.658921875 0.824640625 0.66215625 0.849359375 0.6578593749999999 0.8762343749999999 0.64925 0.89234375 0.6385 0.899875 0.633140625 0.9299687499999999 0.634203125 0.9278124999999999 0.6234531249999999 0.9278124999999999 0.59659375 0.939640625 0.578328125 0.9600625 0.570796875 0.9761875 0.57509375 0.994453125 0.586921875 0.9761875 0.633140625 0.989078125 0.682578125 0.9761875 0.6900937500000001 0.9407187499999999 0.689015625 0.9321093749999999 0.696546875
0 0.092359375 0.42609375 0.08101562500000001 0.44453125 0.08384375 0.450203125 0.08384375 0.45162500000000005 0.07403125 0.453 0.0690625 0.461890625 0.06696875 0.46449999999999997 0.080828125 0.47024999999999995 0.1035625 0.47181249999999997 0.11009374999999999 0.45875000000000005 0.11270312499999999 0.45456250000000004 0.11374999999999999 0.451171875 0.115578125 0.4488125 0.116890625 0.446984375 0.11715625 0.44671874999999994 0.11715625 0.44646875 0.11715625 0.44071875 0.11192187499999999 0.43131250000000004 0.10982812500000001 0.4286875 0.10721875 0.42790625000000004 0.1035625 0.42660937499999996 0.100953125 0.4258125
0 0.24315625000000002 0.3508125 0.24896875000000002 0.355125 0.25271875 0.35325 0.25253125 0.335453125 0.256265625 0.332078125 0.25328125 0.326078125 0.25103125 0.323453125 0.25046875 0.319890625 0.24896875000000002 0.318953125 0.24690625000000002 0.320828125 0.24653125 0.322890625 0.24390625 0.325328125 0.24296875 0.327765625 0.24184375 0.337703125 0.24221875 0.342375
0 0.017468749999999998 0.479515625 0.035484375 0.48612500000000003 0.0426875 0.49153125 0.049890625 0.49573437499999995 0.057703125 0.498734375 0.06790625 0.501140625 0.074515625 0.504140625 0.0823125 0.5089375 0.087125 0.513140625 0.091921875 0.519140625 0.09373437500000001 0.52575 0.085328125 0.5329531249999999 0.08592187500000001 0.5413593750000001 0.08051562500000001 0.54796875 0.06490625 0.550359375 0.043296875 0.543765625 0.0246875 0.5365624999999999 0.00846875 0.5215468750000001 0.006671874999999999 0.48131250000000003
0 0.528390625 0.510734375 0.534921875 0.503078125 0.54628125 0.500515625 0.5565156250000001 0.503078125 0.561625 0.510734375 0.5624687500000001 0.52153125 0.557640625 0.532609375 0.5565156250000001 0.541984375 0.5565156250000001 0.545390625 0.5724218750000001 0.55646875 0.576671875 0.559015625 0.566171875 0.5666875 0.55821875 0.5755 0.5550937499999999 0.558734375 0.5548124999999999 0.5462343749999999 0.54315625 0.53771875 0.54515625 0.524375 0.534921875 0.513578125 0.52925 0.51103125
0 0.57659375 0.5294218749999999 0.5803281250000001 0.5204375 0.58821875 0.515171875 0.593484375 0.5136406250000001 0.5963437500000001 0.5105625 0.594796875 0.504421875 0.5963437500000001 0.49740624999999994 0.59940625 0.49126562500000004 0.60884375 0.48929687499999996 0.615859375 0.493234375 0.618484375 0.502234375 0.617609375 0.512984375 0.617171875 0.515390625 0.613890625 0.515609375 0.60775 0.515609375 0.6000625 0.5197812500000001 0.593484375 0.527015625 0.591515625 0.53075
0 0.0528125 0.4250625 0.060453124999999996 0.41940625000000004 0.0635625 0.41685937500000003 0.066109375 0.41176562499999997 0.06949999999999999 0.40893750000000006 0.067234375 0.404984375 0.06185937500000001 0.4024375 0.055921874999999996 0.401296875 0.051968749999999994 0.40809375000000003 0.052531249999999995 0.41034375 0.048015625 0.41375 0.036984375 0.41403125 0.032453125 0.41600000000000004 0.028218749999999997 0.42165625 0.038109375 0.41798437499999996 0.0474375 0.42165625 0.05084375 0.424484375
0 0.040999999999999995 0.3889375 0.044765624999999996 0.384578125 0.05159375000000001 0.38634375 0.0520625 0.387875 0.05242187499999999 0.389171875 0.05053125000000001 0.391515625 0.049484375000000004 0.393171875 0.049125 0.3969375 0.04653125 0.397171875 0.04559375 0.39765625 0.043937500000000004 0.396703125 0.04453125 0.3950625 0.0440625 0.393640625 0.042171875 0.392234375 0.041578125 0.391046875 0.040531250000000005 0.390109375 0.042296875 0.38821875
0 0.66278125 0.43359375 0.670375 0.407796875 0.671890625 0.39260937500000004 0.677453125 0.38553125 0.679984375 0.37870312500000003 0.688078125 0.38046875 0.6870625 0.38806250000000003 0.692640625 0.3981875 0.687578125 0.3994375 0.682015625 0.43865625 0.6761874999999999 0.43689062500000003 0.679234375 0.416640625 0.6761874999999999 0.415125 0.669359375 0.436625 0.66303125 0.436625
0 0.46218750000000003 0.49928125 0.47562499999999996 0.48584375 0.49578125 0.4925625 0.493859375 0.51271875 0.490015625 0.534796875 0.5025000000000001 0.542484375 0.49289062499999997 0.552078125 0.48042187500000005 0.545359375 0.4679375 0.52425 0.459296875 0.52040625 0.46218750000000003 0.508890625
