0 0.490265625 0.7479391100702576 0.493265625 0.846814988290398 0.49926562499999994 0.8827634660421546 0.488765625 0.9029976580796253 0.47978125 0.9524355971896955 0.308859375 0.9142388758782202 0.295359375 0.8355737704918034 0.29685937500000004 0.8108665105386417 0.287859375 0.7748946135831382 0.286359375 0.7277049180327869 0.30285937500000004 0.653559718969555 0.32684375 0.5434426229508197 0.33734375 0.4872599531615925 0.29235937500000003 0.5029976580796253 0.268375 0.4715456674473068 0.24289062499999997 0.40637002341920375 0.21590625000000002 0.3501873536299766 0.19490625 0.3029976580796253 0.20240624999999998 0.2692974238875878 0.21590625000000002 0.2445667447306792 0.233890625 0.258056206088993 0.26237499999999997 0.26480093676814986 0.28337500000000004 0.2782669789227166 0.304359375 0.2940046838407494 0.32834375 0.3097423887587822 0.355328125 0.31648711943793906 0.359828125 0.3187353629976581 0.38082812499999996 0.3029976580796253 0.4078125 0.27601873536299765 0.43479687499999997 0.2805152224824356 0.443796875 0.2895081967213115 0.45278124999999997 0.27379391100702577 0.45428125 0.23107728337236536 0.46478125 0.18163934426229508 0.48128125 0.14569086651053864 0.497765625 0.13220140515222484 0.51875 0.13220140515222484 0.54425 0.14344262295081966 0.554734375 0.15468384074941452 0.5562343750000001 0.17714285714285716 0.5592343750000001 0.2108665105386417 0.5592343750000001 0.24681498829039814 0.55025 0.27601873536299765 0.54725 0.31199063231850116 0.54575 0.31648711943793906 0.565234375 0.3659250585480094 0.5802343750000001 0.39512880562060887 0.571234375 0.4423185011709602 0.551734375 0.5322014051522248 0.511265625 0.6288290398126464 0.506765625 0.6985011709601874
0 0.13075 0.4523419203747073 0.131671875 0.4398829039812647 0.138359375 0.43538641686182666 0.13859375000000002 0.4277751756440281 0.13973437500000002 0.4163700234192037 0.14665625 0.4118735362997658 0.15059375 0.4136065573770492 0.154515625 0.4277751756440281 0.153125 0.4347072599531616 0.153578125 0.4402341920374707 0.156125 0.4526697892271663 0.151734375 0.44437939110070257 0.14735937500000001 0.4457611241217799 0.144125 0.45060889929742387 0.1434375 0.4526697892271663
0 0.13428125 0.48723653395784544 0.1324375 0.47564402810304446 0.13796875 0.4645901639344262 0.14054687500000002 0.4513348946135831 0.1464375 0.44637002341920373 0.1541875 0.4502341920374707 0.15528124999999998 0.45852459016393443 0.150859375 0.46901639344262297 0.156390625 0.48227166276346606 0.156765625 0.48723653395784544
0 0.7595468750000001 0.19508196721311474 0.763671875 0.18829039812646373 0.764484375 0.17840749414519907 0.763046875 0.16700234192037472 0.769640625 0.16482435597189696 0.774375 0.17470725995316158 0.776640625 0.18210772833723654 0.778703125 0.2105152224824356 0.776015625 0.2296487119437939 0.76840625 0.22224824355971898 0.766546875 0.20217798594847775
0 0.002953125 0.4444496487119438 0.007375 0.4499765807962529 0.009578125 0.45660421545667446 0.0062656249999999995 0.4704215456674473 0.0110625 0.474824355971897 0.013265625 0.48311475409836063 0.0 0.482576112412178 0.0 0.4444496487119438
0 0.083609375 0.4248711943793911 0.083828125 0.418384074941452 0.082375 0.40789227166276343 0.085671875 0.40695550351288057 0.08753125 0.4001639344262295 0.09 0.3980093676814988 0.092875 0.4032552693208431 0.09390625 0.41065573770491803 0.096796875 0.41189695550351285 0.097 0.4236299765807962 0.09762499999999999 0.4344262295081967 0.095765625 0.43627634660421544 0.0935 0.42857142857142855 0.087328125 0.42826697892271665 0.085265625 0.42826697892271665
0 0.06592187499999999 0.48313817330210773 0.066203125 0.47822014051522244 0.072765625 0.46918032786885244 0.0760625 0.46714285714285714 0.07578125 0.4650819672131148 0.0733125 0.4577049180327869 0.076328125 0.445807962529274 0.0834375 0.4437470725995316 0.087546875 0.4499063231850117 0.087828125 0.45728337236533956 0.086734375 0.46426229508196726 0.09028125000000001 0.4733021077283372 0.094125 0.47494145199063237 0.0985 0.48231850117096015
0 0.06525 0.32070257611241215 0.06434375 0.30447306791569084 0.067953125 0.30177985948477754 0.06840625 0.29772833723653397 0.06840625 0.2936533957845433 0.06840625 0.2902810304449649 0.069765625 0.28758782201405153 0.073359375 0.28690866510538643 0.076078125 0.2916393442622951 0.077421875 0.29704918032786887 0.0779375 0.3081030444964871 0.07132812499999999 0.3199297423887588 0.070046875 0.3205620608899297 0.06621875 0.3202341920374707
0 0.09309375 0.23131147540983604 0.098421875 0.21915690866510537 0.10028125000000002 0.212903981264637 0.09957812499999999 0.2073536299765808 0.1014375 0.19798594847775178 0.10514062500000002 0.19103044496487118 0.1076875 0.1951990632318501 0.10723437499999999 0.20770491803278687 0.11209374999999999 0.2122248243559719 0.11534375 0.21707259953161592 0.11696875 0.22749414519906325 0.11325 0.23653395784543327 0.111625 0.23896955503512882 0.11534375 0.2559953161592506 0.10306249999999999 0.2563231850117096 0.10190625 0.24730679156908664 0.09517187499999999 0.24765807962529274 0.08821875 0.2434894613583138
0 0.9545937500000001 0.49597189695550353 0.9522031249999999 0.4882201405152225 0.953 0.48046838407494147 0.953 0.47271662763466044 0.9545937500000001 0.4685480093676815 0.9565781250000001 0.4685480093676815 0.95896875 0.47032786885245903 0.961359375 0.47271662763466044 0.9621562499999999 0.47332552693208435 0.962953125 0.48166276346604214 0.9605625 0.4846604215456674 0.959375 0.4894145199063232 0.959765625 0.49597189695550353 0.9545937500000001 0.49299765807962526
0 0.0670625 0.5815456674473067 0.07009375 0.5805854800936768 0.069234375 0.5756908665105386 0.068359375 0.5685245901639344 0.0694375 0.5607259953161593 0.073359375 0.5545433255269321 0.077921875 0.552903981264637 0.08378125 0.5545433255269321 0.08595312499999999 0.5584543325526933 0.08595312499999999 0.5636533957845433 0.090296875 0.5682201405152225 0.08595312499999999 0.5711475409836065 0.086171875 0.5815456674473067 0.085515625 0.5857845433255269 0.0844375 0.5910070257611242 0.08595312499999999 0.6062997658079625 0.0868125 0.6196487119437939 0.08595312499999999 0.6333255269320843 0.0876875 0.658056206088993 0.069015625 0.656112412177986 0.068578125 0.6433957845433256 0.067265625 0.6128103044496488 0.06596874999999999 0.5965339578454333
0 0.855109375 0.4500936768149883 0.8516562499999999 0.4397658079625293 0.83959375 0.4500936768149883 0.834421875 0.4630210772833724 0.8223437499999999 0.46817330210772834 0.8223437499999999 0.48370023419203745 0.824078125 0.5121077283372365 0.825796875 0.5405386416861827 0.827515625 0.5637939110070258 0.827515625 0.5870491803278688 0.827515625 0.610304449648712 0.827515625 0.633559718969555 0.853375 0.6387353629976581 0.8482031250000001 0.607728337236534 0.8482031250000001 0.5767213114754098 0.8482031250000001 0.5741217798594848 0.853375 0.5586182669789227 0.8602812500000001 0.5353629976580796 0.8602812500000001 0.5198594847775175 0.8516562499999999 0.4862763466042154 0.8602812500000001 0.4707728337236534
0 0.296328125 0.8207728337236535 0.25993750000000004 0.8 0.28246875 0.7350585480093677 0.287671875 0.7662295081967213 0.294609375 0.802599531615925
