0 0.3834375 0.7835280898876404 0.38409375 0.7810561797752809 0.38487499999999997 0.7793932584269663 0.38509375 0.7782696629213482 0.385234375 0.7752584269662921 0.383796875 0.7736179775280899 0.38365625 0.769370786516854 0.38301562499999997 0.7678202247191012 0.37884375000000003 0.7685393258426966 0.37892187499999996 0.7716404494382022 0.37682812499999996 0.7736179775280899 0.375828125 0.7745393258426967 0.376109375 0.7757752808988765 0.37690625 0.7778426966292135 0.377046875 0.7817752808988764 0.37884375000000003 0.7833258426966292 0.381640625 0.784876404494382
0 0.36571875 0.7673033707865168 0.36512500000000003 0.769370786516854 0.36571875 0.7716853932584269 0.365796875 0.7727865168539325 0.364109375 0.7748539325842697 0.363421875 0.7778876404494383 0.363421875 0.7808089887640449 0.364015625 0.7826516853932584 0.365546875 0.783370786516854 0.369515625 0.783370786516854 0.369859375 0.7806966292134832 0.371546875 0.7802022471910113 0.371046875 0.7783820224719101 0.37028125 0.7774157303370787 0.36978125 0.7727865168539325 0.368765625 0.7719325842696629 0.36926562500000004 0.7687640449438202 0.3685 0.7662022471910112 0.366640625 0.7663370786516853
0 0.6464218749999999 0.7563820224719101 0.64671875 0.751752808988764 0.6448125 0.7502696629213483 0.64525 0.7490112359550561 0.64628125 0.7479550561797752 0.64671875 0.7477528089887641 0.64671875 0.744179775280899 0.647015625 0.7426966292134831 0.6478906249999999 0.7422696629213483 0.6495 0.743123595505618 0.649796875 0.7443820224719101 0.6495 0.7468988764044944 0.6495 0.7481797752808989 0.650953125 0.7485842696629214 0.652421875 0.749438202247191 0.65271875 0.7513258426966292 0.6522812499999999 0.7519550561797753 0.649203125 0.7528089887640449 0.64934375 0.7595280898876404
0 0.628578125 0.7535955056179776 0.62946875 0.7484494382022472 0.62946875 0.746134831460674 0.6287499999999999 0.7435505617977528 0.629296875 0.7412359550561798 0.6312656249999999 0.7404719101123596 0.632515625 0.7445842696629212 0.6350156250000001 0.7445842696629212 0.63734375 0.7489662921348315 0.637515625 0.7520449438202248 0.63734375 0.7559101123595505 0.636625 0.7607865168539326 0.636265625 0.7633707865168539 0.633234375 0.7633707865168539 0.6312656249999999 0.7633707865168539 0.629296875 0.7615730337078651 0.628046875 0.7584719101123595 0.630359375 0.7579550561797753
0 0.388203125 0.8644943820224719 0.391390625 0.8696404494382023 0.393375 0.8793483146067416 0.39853125 0.876494382022472 0.40090624999999996 0.8667865168539326 0.398125 0.8605168539325843 0.393765625 0.8530786516853933 0.3878125 0.8587865168539326 0.39059374999999996 0.8662247191011236
0 0.3915 0.8869213483146068 0.39256250000000004 0.8834157303370787 0.392875 0.8805842696629214 0.391953125 0.8751011235955056 0.39165625 0.871820224719101 0.39134375 0.8689662921348315 0.38890625 0.8678876404494381 0.386484375 0.8698426966292134 0.385109375 0.8726966292134832 0.383890625 0.8753258426966292 0.38115625 0.8773033707865168 0.38115625 0.8792584269662921 0.385109375 0.8812359550561797 0.386484375 0.8858202247191012 0.387390625 0.8906516853932583 0.39073437499999997 0.8924044943820225 0.3939375 0.8919550561797753 0.395453125 0.8875730337078652 0.39590625 0.8836404494382023 0.393625 0.8849438202247192
0 0.379828125 0.7896179775280899 0.3763125 0.7916404494382022 0.372 0.7906292134831461 0.3706875 0.7864269662921348 0.37059375 0.7825393258426967 0.37159375 0.7797977528089888 0.37309375 0.7857078651685393 0.376609375 0.7855730337078651 0.37971875 0.7835505617977528 0.3814375 0.7849887640449438
0 0.39790625 0.6948988764044944 0.39790625 0.6940898876404494 0.39790625 0.6913932584269663 0.39846875000000004 0.6900449438202247 0.399765625 0.6900449438202247 0.400515625 0.6924719101123595 0.400515625 0.6930112359550562 0.40257812499999995 0.6938202247191011 0.40276562499999996 0.6967640449438203 0.40220312500000005 0.6994606741573034 0.39603125 0.6994606741573034 0.39753125 0.6973033707865168
0 0.639328125 0.7539101123595506 0.638671875 0.7468764044943821 0.640953125 0.740808988764045 0.644203125 0.7398651685393258 0.64453125 0.7459550561797752 0.64290625 0.7468764044943821
0 0.36007812499999997 0.8560449438202247 0.3589375 0.8516404494382023 0.359703125 0.8433932584269663 0.362375 0.8433932584269663 0.362375 0.836808988764045 0.365234375 0.8348764044943819 0.366765625 0.8381797752808989 0.367734375 0.8422921348314607 0.36715624999999996 0.844494382022472 0.3686875 0.8466966292134831 0.36924999999999997 0.8530337078651686 0.366 0.8524719101123596 0.366 0.8571460674157304 0.3621875 0.8571460674157304 0.3621875 0.8522022471910112 0.36007812499999997 0.8555056179775281
0 0.40371875 0.8932359550561798 0.40504687500000003 0.8866067415730338 0.40478125 0.8814831460674157 0.40465625000000005 0.8756179775280898 0.40371875 0.8729662921348316 0.399515625 0.876561797752809 0.39753125 0.8854831460674157 0.3981875 0.892494382022472
0 0.387390625 0.6893483146067415 0.385171875 0.6890112359550562 0.38464062499999996 0.6901123595505618 0.383875 0.6926516853932585 0.382484375 0.696067415730337 0.38303125 0.6989213483146067 0.383875 0.6995955056179776 0.386625 0.7000224719101124 0.386625 0.6990337078651685 0.3869375 0.696067415730337 0.388078125 0.692876404494382 0.38868749999999996 0.6909887640449438
0 0.62715625 0.7512584269662922 0.627 0.749123595505618 0.626109375 0.7469662921348315 0.626265625 0.745685393258427 0.6258125 0.7437528089887641 0.624328125 0.7428988764044944 0.622390625 0.7437528089887641 0.6229843749999999 0.7463370786516854 0.623125 0.7493258426966292 0.623125 0.7499775280898877 0.6216406250000001 0.7508314606741573 0.6214999999999999 0.7523370786516854 0.62328125 0.7544719101123596 0.6250625000000001 0.7531910112359551 0.6258125 0.7523370786516854 0.6264062499999999 0.751685393258427
