0 0.33259375 0.5457088846880908 0.317765625 0.546257088846881 0.31506249999999997 0.5435349716446124 0.31371875 0.539187145557656 0.31865625 0.5310207939508507 0.32 0.5206805293005671 0.324953125 0.5098109640831758 0.333046875 0.5092627599243856 0.3384375 0.517429111531191 0.34159375000000003 0.5239508506616257 0.34609375 0.5299243856332703 0.353734375 0.5321172022684311 0.35778125 0.5348204158790171 0.354625 0.5440831758034026 0.32809374999999996 0.547882797731569 0.327203125 0.547882797731569
0 0.0803125 0.5674102079395086 0.068171875 0.5687523629489604 0.068546875 0.5642911153119092 0.07112500000000001 0.5602835538752363 0.068546875 0.5602835538752363 0.068171875 0.5531758034026465 0.072953125 0.5509451795841209 0.07664062499999999 0.5554064272211721 0.075890625 0.5571833648393195 0.080671875 0.5625141776937618
0 0.305125 0.5183553875236294 0.313015625 0.5175047258979206 0.31765625000000003 0.5104914933837429 0.318359375 0.5085255198487713 0.3165 0.5057088846880907 0.3165 0.4958790170132325 0.31371875 0.4922306238185255 0.316265625 0.4860491493383743 0.32090625 0.48015122873345933 0.3223125 0.47368620037807185 0.33484375 0.4722873345935728 0.3369375 0.4793005671077505 0.33484375 0.48351606805293007 0.340875 0.4927977315689981 0.340875 0.4995274102079395 0.34228125 0.5043100189035916 0.3401875 0.5054253308128545 0.340875 0.5099243856332704 0.342734375 0.5135727788279774 0.347375 0.5163894139886579 0.35226562499999997 0.5175047258979206 0.35921875000000003 0.5259357277882798 0.36178125 0.5304347826086957 0.362015625 0.5444801512287334 0.35434375 0.5444801512287334 0.357828125 0.5346502835538752 0.34621875 0.5304347826086957 0.33785937499999996 0.5158223062381853 0.33392187500000003 0.5093572778827977 0.325796875 0.5099243856332704 0.32253125 0.5149716446124764 0.31975 0.5211531190926276 0.318359375 0.530718336483932 0.31534375 0.5374480151228733 0.31510937499999997 0.5455954631379962 0.30489062499999997 0.5455954631379962
0 0.036296875 0.6290359168241966 0.031171874999999998 0.5905671077504726 0.034437499999999996 0.5707750472589792 0.028359375 0.5668241965973535 0.03209375 0.5464650283553875 0.038640625 0.5391115311909263 0.034437499999999996 0.5351417769376181 0.03584375 0.5255387523629489 0.040046874999999996 0.5238374291115312 0.049859375 0.5244045368620038 0.050328125 0.5374102079395086 0.059671875 0.5464650283553875 0.0578125 0.5798298676748582 0.0578125 0.5984877126654065 0.062015625 0.6358223062381853 0.0540625 0.6414744801512287 0.04378125 0.6013232514177694 0.045187500000000005 0.6414744801512287 0.03303125 0.639773156899811 0.0325625 0.6312854442344045
0 0.014937500000000001 0.6392627599243856 0.012671874999999999 0.6101512287334593 0.0165625 0.6018714555765595 0.02275 0.5963705103969754 0.028937499999999998 0.5904725897920605 0.031203124999999998 0.5833837429111531 0.029249999999999998 0.5692060491493384 0.02046875 0.5491493383742911 0.014937500000000001 0.5487523629489603 0.014296875 0.5393005671077505 0.01234375 0.5282797731568998 0.0035624999999999997 0.5302457466918714 0.000296875 0.5322117202268432 0.00290625 0.5526843100189036 0.0016093750000000001 0.5633081285444235 0.0 0.5991304347826087 0.0 0.6188090737240076 0.0012812499999999998 0.638468809073724 0.0012812499999999998 0.646351606805293 0.0084375 0.6416257088846882 0.012671874999999999 0.6396597353497164
0 0.8910625 0.7035727788279773 0.8910625 0.6534782608695652 0.8820625 0.6150283553875237 0.8844687499999999 0.5693005671077506 0.8994687499999999 0.5388090737240075 0.89646875 0.5213799621928167 0.9060625 0.509054820415879 0.92571875 0.5155198487712666 0.9262656249999999 0.5355576559546313 0.9202031249999999 0.5515879017013233 0.9262656249999999 0.6177126654064272 0.9196406250000001 0.6491115311909262 0.9075 0.7105482041587902 0.8936875000000001 0.7072211720226843
0 0.23728125000000003 0.49194706994328924 0.233109375 0.49194706994328924 0.230328125 0.49559546313799624 0.228921875 0.4995274102079395 0.228234375 0.504593572778828 0.22776562500000003 0.5110586011342155 0.228921875 0.5135727788279774 0.222421875 0.5163894139886579 0.218484375 0.5186389413988658 0.214296875 0.5228544423440453 0.21290625 0.5295841209829867 0.2140625 0.5349338374291116 0.21615625 0.5371833648393195 0.21709375 0.541663516068053 0.21731250000000002 0.5427977315689981 0.2403125 0.5439130434782609
0 0.532234375 0.26217391304347826 0.535140625 0.24659735349716444 0.54678125 0.24105860113421548 0.550515625 0.2214555765595463 0.55925 0.21189035916824198 0.57421875 0.21540642722117204 0.579609375 0.22245746691871457 0.577953125 0.24005671077504726 0.57296875 0.252117202268431 0.580453125 0.2682041587901701 0.5293281249999999 0.27776937618147446 0.52890625 0.27776937618147446
0 0.292140625 0.31379962192816635 0.25640625 0.31960302457466916 0.25640625 0.30217391304347824 0.26334375 0.29313799621928166 0.26173437499999996 0.2789413988657845 0.26546875000000003 0.26797731568998107 0.275609375 0.2653875236294896 0.287875 0.2757277882797732 0.285203125 0.2918525519848771 0.284140625 0.30217391304347824
0 0.462671875 0.5313799621928167 0.45571875000000006 0.5145746691871456 0.45670312500000004 0.5025519848771267 0.462671875 0.49654064272211723 0.48253124999999997 0.49654064272211723 0.48948437499999997 0.5049527410207939 0.48948437499999997 0.5337996219281663 0.49940625 0.5458034026465028 0.452734375 0.5434026465028355
0 0.58253125 0.4767296786389414 0.59546875 0.47215500945179584 0.59546875 0.4525897920604915 0.59546875 0.4434404536862004 0.600859375 0.4369187145557656 0.607875 0.43497164461247634 0.618125 0.43431001890359167 0.62109375 0.4713421550094518 0.624609375 0.5103402646502836 0.59940625 0.514593572778828 0.5859375 0.5188468809073724 0.580078125 0.5124763705103971 0.580078125 0.5025330812854442
0 0.42384374999999996 0.4958790170132325 0.43090624999999994 0.5034215500945179 0.4305 0.5099621928166351 0.41218750000000004 0.5076937618147448 0.411984375 0.5009073724007562 0.4140625 0.4976370510396975 0.417390625 0.4958790170132325 0.42176562500000003 0.4943667296786389 0.42632812500000006 0.4973724007561437
0 0.39625 0.5336672967863895 0.391140625 0.5158223062381853 0.391140625 0.501531190926276 0.39865625 0.49470699432892246 0.40456250000000005 0.4953686200378072 0.41128125000000004 0.5018525519848772 0.412078125 0.5164650283553874 0.40725 0.5271833648393195 0.398125 0.5352930056710775
