0 0.28523437500000004 0.8835625 0.2865625 0.8764375 0.2865625 0.86575 0.2865625 0.85625 0.28790625 0.8407916666666666 0.28834375 0.8342708333333333 0.29146875 0.8283333333333334 0.28790625 0.8212083333333333 0.285671875 0.8087291666666666 0.285671875 0.8069583333333333 0.290125 0.7968541666666666 0.29190625 0.7891458333333333 0.295921875 0.7867708333333333 0.29948437499999997 0.7861666666666667 0.3039375 0.7891458333333333 0.308828125 0.7944791666666667 0.311953125 0.8039791666666667 0.3115 0.8087291666666666 0.3110625 0.8117083333333334 0.308828125 0.8176458333333334 0.31328125 0.8223958333333333 0.31640625 0.8247708333333333 0.322640625 0.8307083333333334 0.324859375 0.8390208333333333 0.329765625 0.8544583333333333 0.331546875 0.8651458333333333 0.332875 0.8746458333333333 0.33421875 0.8829583333333333 0.33421875 0.8841458333333333 0.32575 0.88475 0.31996875 0.8740625000000001 0.315515625 0.8734583333333333 0.30839062500000003 0.8764375 0.305265625 0.8793958333333334 0.303484375 0.8817708333333333 0.299921875 0.8871249999999999 0.297703125 0.8895 0.2936875 0.8895 0.2896875 0.8871249999999999
0 0.5185625 0.9270208333333334 0.521046875 0.8193541666666667 0.526015625 0.8118958333333333 0.529125 0.803625 0.529125 0.7953333333333333 0.52478125 0.7936875000000001 0.5198125 0.7912083333333333 0.51296875 0.7936875000000001 0.511734375 0.8044583333333333 0.511734375 0.8085833333333333 0.511109375 0.816875 0.508 0.8292916666666666 0.506140625 0.8317916666666666 0.508 0.8491666666666667 0.508 0.8665625 0.50925 0.8806458333333332 0.508625 0.8872708333333333 0.509859375 0.9038333333333333 0.511109375 0.9170833333333334 0.50428125 0.9286875 0.50240625 0.9369583333333333 0.50240625 0.9427708333333332 0.5055156249999999 0.9543541666666666 0.506765625 0.9543541666666666 0.515453125 0.9411041666666667 0.520421875 0.9328333333333333
0 0.692359375 0.7458333333333333 0.692359375 0.7438541666666667 0.6926875 0.7418958333333333 0.69334375 0.7401458333333333 0.6935 0.7394999999999999 0.6953125 0.7386250000000001 0.6974375 0.7405833333333334 0.699078125 0.7427708333333333 0.700546875 0.7445208333333333 0.701359375 0.7464791666666667 0.702515625 0.7499791666666666 0.7052968749999999 0.752375 0.707265625 0.7530208333333334 0.7123437499999999 0.7569583333333333 0.713984375 0.7591458333333333 0.71528125 0.7619791666666667 0.714953125 0.7646041666666666 0.713484375 0.7663541666666667 0.7092343750000001 0.7622083333333334 0.701359375 0.7624166666666666 0.69940625 0.7593541666666667 0.69940625 0.75675 0.6974375 0.7517291666666667 0.69465625 0.7473541666666667
0 0.698765625 0.7817916666666667 0.69759375 0.7723958333333333 0.6931875 0.7692708333333333 0.685828125 0.7676875 0.684078125 0.7680833333333333 0.686421875 0.7641666666666667 0.68465625 0.7590833333333333 0.68525 0.7473124999999999 0.691125 0.7473124999999999 0.697875 0.751625 0.700234375 0.7606458333333334 0.704640625 0.7669166666666667 0.71021875 0.7704375 0.7125781250000001 0.7774791666666666 0.7125781250000001 0.7817916666666667
0 0.70265625 0.7474375 0.70321875 0.7416874999999999 0.702796875 0.736875 0.7066874999999999 0.7363125 0.708625 0.736875 0.7116875 0.7405833333333334 0.712390625 0.7463125 0.71196875 0.7485416666666667 0.712390625 0.7515000000000001 0.71628125 0.7507708333333334 0.7166875 0.7568750000000001 0.7141875 0.7587291666666667 0.711546875 0.7553958333333333 0.706265625 0.752625 0.703625 0.7466875000000001
0 0.770296875 0.778375 0.770875 0.7660208333333334 0.76990625 0.7593333333333334 0.7643125000000001 0.7585625 0.760453125 0.7585625 0.7562031250000001 0.7624166666666666 0.75696875 0.7686041666666666 0.759296875 0.778125 0.761609375 0.7809583333333333 0.7722187500000001 0.7799166666666667
0 0.883 0.7554166666666667 0.8798125000000001 0.753 0.8770312499999999 0.75375 0.87425 0.7576458333333334 0.8735468750000001 0.7622708333333333 0.873828125 0.76375 0.873 0.7674583333333334 0.8678593749999999 0.7704375 0.8671562500000001 0.7735833333333333 0.8649374999999999 0.7774791666666666 0.8671562500000001 0.7793333333333333 0.8746562499999999 0.7808125 0.883 0.7785833333333334 0.885359375 0.7787708333333333 0.884390625 0.7754375 0.883703125 0.7743125000000001 0.8832812499999999 0.7743125000000001 0.8832812499999999 0.7715416666666666 0.8841093750000001 0.7687708333333333 0.885359375 0.7683958333333333 0.886203125 0.7657916666666666 0.88509375 0.7635625 0.88453125 0.7615416666666667 0.8848125 0.7581875 0.88425 0.7563541666666667
0 0.938296875 0.782 0.935359375 0.7710416666666667 0.9338906250000001 0.7639791666666667 0.93653125 0.7549791666666666 0.9418124999999999 0.7420416666666667 0.946515625 0.7491041666666667 0.9450468750000001 0.7565416666666667 0.9526875 0.7628125 0.9518125 0.7718125 0.9506249999999999 0.7823958333333334
0 0.20053125 0.74175 0.23537499999999997 0.7303541666666666 0.252453125 0.747 0.258375 0.7794375 0.258375 0.8101041666666667 0.24720312500000002 0.8434166666666666 0.25640625 0.8837291666666667 0.25640625 0.8995 0.215 0.9205208333333333
0 0.84471875 0.7860416666666666 0.840796875 0.7845416666666666 0.8424687499999999 0.7800625 0.8430312499999999 0.7770833333333333 0.841359375 0.7651458333333333 0.841921875 0.7591875 0.8435937499999999 0.7554583333333333 0.850859375 0.7524791666666667 0.85534375 0.7629166666666667 0.8581406250000001 0.768875 0.8598125 0.7793125 0.8581406250000001 0.7800625 0.848625 0.7837916666666668 0.8441562499999999 0.7852916666666666
0 0.735765625 0.7396666666666667 0.736125 0.7301249999999999 0.73490625 0.7273333333333334 0.73490625 0.7198958333333334 0.735953125 0.7177916666666667 0.7368125 0.7163958333333333 0.738390625 0.7128958333333333 0.7394375 0.713375 0.7404843750000001 0.7161666666666666 0.74571875 0.7187291666666666 0.742578125 0.7219791666666667 0.7420625000000001 0.7287291666666668 0.742234375 0.7333958333333332 0.73909375 0.7326875 0.7376875 0.7357083333333333 0.7368125 0.7380416666666666
0 0.6849375 0.7575208333333333 0.691234375 0.7691250000000001 0.696328125 0.7739166666666667 0.696328125 0.7859166666666667 0.67834375 0.7867083333333333 0.67684375 0.7519375 0.680734375 0.7539374999999999
0 0.73671875 0.7387083333333333 0.737203125 0.7422916666666667 0.731359375 0.7445625 0.729171875 0.751375 0.7289218749999999 0.7552708333333332 0.73525 0.7669583333333333 0.73890625 0.7643749999999999 0.74571875 0.766 0.7479218750000001 0.7650208333333333 0.7459687500000001 0.7568958333333333 0.749375 0.7539791666666668 0.7474375 0.748125 0.7442656249999999 0.7396875 0.7442656249999999 0.7338541666666667 0.74109375 0.73125 0.737203125 0.7325416666666666
