0 0.67440625 0.4124583333333333 0.6755312499999999 0.4079375 0.67515625 0.4044166666666667 0.673265625 0.40189583333333334 0.67440625 0.39385416666666667 0.678921875 0.395375 0.683828125 0.39587500000000003 0.68459375 0.3998958333333333 0.6860937500000001 0.4079375 0.684203125 0.4099583333333333
0 0.230140625 0.40689583333333335 0.23156249999999998 0.4011875 0.232453125 0.3983333333333333 0.232453125 0.3952291666666667 0.23334375000000002 0.3907083333333333 0.23548437500000002 0.38525 0.23942187499999998 0.3840625 0.24120312500000002 0.385 0.242453125 0.387625 0.24298437499999997 0.39166666666666666 0.243875 0.3945208333333333 0.24281250000000001 0.39904166666666663 0.24209375 0.4033333333333333 0.2440625 0.40950000000000003 0.2440625 0.41022916666666664 0.22942187500000003 0.40856250000000005
0 0.36353125 0.3858125 0.362828125 0.39927083333333335 0.365609375 0.4034375 0.365609375 0.409 0.354484375 0.40854166666666664 0.35309375 0.40620833333333334 0.356578125 0.401125 0.356921875 0.39462499999999995 0.356921875 0.3872083333333334 0.36109375 0.38395833333333335
0 0.4839375 0.39462499999999995 0.4839375 0.39462499999999995 0.48528125 0.3874375 0.48931250000000004 0.38475000000000004 0.494703125 0.3874375 0.494703125 0.3964166666666667 0.493359375 0.399125 0.494703125 0.40541666666666665 0.495375 0.4170833333333333 0.495375 0.4278541666666667 0.494703125 0.43954166666666666 0.49201562499999996 0.45210416666666664 0.49201562499999996 0.46287500000000004 0.48931250000000004 0.4655833333333333 0.48190625000000004 0.46379166666666666 0.478546875 0.45749999999999996 0.481234375 0.4485208333333333 0.482578125 0.44133333333333336 0.482578125 0.4341458333333333 0.4805625 0.42695833333333333 0.478546875 0.41618750000000004 0.478546875 0.4063125 0.48324999999999996 0.399125
0 0.5171875 0.4265208333333333 0.518234375 0.42160416666666667 0.5177031249999999 0.40968750000000004 0.5198125 0.40127083333333335 0.5224375 0.3935625 0.524015625 0.3893541666666666 0.5261250000000001 0.3879375 0.52559375 0.3802291666666667 0.5298125 0.374625 0.53296875 0.374625 0.53559375 0.378125 0.53559375 0.38304166666666667 0.53559375 0.3865416666666667 0.533484375 0.38864583333333336 0.533484375 0.39145833333333335 0.534546875 0.3970625 0.5350625 0.4019583333333333 0.5350625 0.40547916666666667 0.5350625 0.40897916666666667 0.5350625 0.4110833333333333 0.540328125 0.41950000000000004 0.5397968750000001 0.42510416666666667 0.536125 0.4384375 0.530859375 0.45177083333333334 0.53296875 0.45595833333333335 0.536640625 0.460875 0.53559375 0.46158333333333335 0.534015625 0.46158333333333335 0.53190625 0.46158333333333335 0.531390625 0.46158333333333335 0.528234375 0.46158333333333335 0.527703125 0.46158333333333335 0.521390625 0.46016666666666667 0.52034375 0.44475 0.520859375 0.43493750000000003 0.5192812499999999 0.42720833333333336 0.518765625 0.42510416666666667
0 0.9096718750000001 0.3841041666666667 0.9119531249999999 0.3894375 0.9108124999999999 0.3970625 0.9102499999999999 0.401625 0.91425 0.40850000000000003 0.9148125 0.4176458333333333 0.913671875 0.42983333333333335 0.91253125 0.43745833333333334 0.91253125 0.448125 0.91253125 0.45116666666666666 0.9113906249999999 0.46108333333333335 0.9102499999999999 0.46641666666666665 0.90853125 0.45575 0.90509375 0.45116666666666666 0.9022500000000001 0.463375 0.90109375 0.44279166666666664 0.90109375 0.4313541666666667 0.90109375 0.4229791666666667 0.90109375 0.41610416666666666 0.899953125 0.40695833333333337 0.899390625 0.39858333333333335 0.899390625 0.3940208333333333 0.90109375 0.38791666666666663
0 0.590265625 0.46291666666666664 0.594421875 0.44716666666666666 0.597609375 0.44460416666666663 0.59696875 0.43056249999999996 0.600171875 0.40968750000000004 0.6008125 0.4016041666666667 0.60528125 0.39479166666666665 0.6036875 0.39139583333333333 0.605921875 0.385 0.613265625 0.38329166666666664 0.61390625 0.39095833333333335 0.6129374999999999 0.4020208333333333 0.6164531249999999 0.4139583333333333 0.6177343750000001 0.4331041666666666 0.6158125 0.445875 0.616140625 0.4603541666666667 0.62028125 0.46589583333333334 0.61390625 0.46547916666666667 0.60975 0.4467291666666667 0.6036875 0.4484375 0.594734375 0.46120833333333333
0 0.779890625 0.46927083333333336 0.7706875 0.4666875 0.76534375 0.44987499999999997 0.7609843749999999 0.446 0.757578125 0.4505208333333333 0.753703125 0.46345833333333336 0.756609375 0.46604166666666663 0.7454531249999999 0.46604166666666663 0.752734375 0.460875 0.7541875 0.44535416666666666 0.762921875 0.44275000000000003 0.772140625 0.44275000000000003 0.7735937500000001 0.45116666666666666 0.77553125 0.4641041666666667
0 0.23148437500000002 0.44952083333333337 0.23179687499999999 0.43122916666666666 0.22764062499999999 0.4235625 0.22732812500000002 0.41291666666666665 0.22604687499999998 0.4078125 0.22828125 0.4001458333333333 0.22796875 0.3911875 0.22221875 0.37672916666666667 0.22157812500000001 0.3784166666666666 0.218390625 0.39077083333333335 0.21392187499999998 0.39799999999999996 0.20720312500000002 0.40397916666666667 0.2123125 0.4120625 0.21646875 0.41802083333333334 0.21200000000000002 0.4342083333333333 0.21359374999999997 0.446125 0.21615625 0.46060416666666665 0.22221875 0.464 0.21965625000000003 0.44527083333333334 0.21998437499999998 0.4358958333333333 0.22381250000000003 0.44356249999999997 0.224453125 0.4499583333333333 0.225734375 0.45335416666666667
0 0.342765625 0.4313958333333333 0.343234375 0.4219375 0.343453125 0.41675 0.353765625 0.4155208333333333 0.36040625 0.4185833333333333 0.357875 0.4237708333333333 0.357203125 0.4295625 0.35696875 0.43293750000000003 0.352609375 0.43322916666666667
0 0.703453125 0.41062499999999996 0.7049375 0.39587500000000003 0.7082499999999999 0.39095833333333335 0.7082499999999999 0.3860208333333333 0.71009375 0.379625 0.715640625 0.37914583333333335 0.717484375 0.38554166666666667 0.7167343749999999 0.3904583333333333 0.716 0.39389583333333333 0.7145312500000001 0.39489583333333333 0.718953125 0.40570833333333334 0.718953125 0.411625
0 0.56871875 0.40125 0.57246875 0.3954166666666667 0.56903125 0.3858333333333333 0.56340625 0.38833333333333336 0.56278125 0.39291666666666664 0.5621562499999999 0.3975 0.56059375 0.40208333333333335 0.55996875 0.40708333333333335 0.55996875 0.41208333333333336 0.554328125 0.42416666666666664 0.554328125 0.4354166666666667 0.55903125 0.4395833333333333 0.55903125 0.44333333333333336 0.55715625 0.45083333333333336 0.550265625 0.45916666666666667 0.551203125 0.46791666666666665 0.5530781250000001 0.46625 0.55653125 0.455 0.5587187499999999 0.45041666666666663 0.56590625 0.45125 0.56559375 0.4408333333333333 0.56684375 0.45 0.5702812500000001 0.46208333333333335 0.57090625 0.46375 0.57215625 0.4633333333333333 0.57246875 0.4479166666666667 0.57403125 0.44666666666666666 0.57340625 0.4408333333333333 0.57184375 0.4295833333333333 0.5743437499999999 0.43374999999999997 0.57965625 0.425 0.57215625 0.4204166666666667 0.57215625 0.415 0.57215625 0.40541666666666665
