0 0.58675 0.6922018348623853 0.5840833333333333 0.6853516819571865 0.5840833333333333 0.6814373088685015 0.5840833333333333 0.6736085626911316 0.58515 0.6696941896024465 0.5904833333333334 0.6667889908256881 0.59475 0.6677370030581039 0.5984833333333333 0.6706727828746177 0.59955 0.6745871559633028 0.59955 0.6814373088685015 0.59955 0.6882874617737003 0.5990166666666668 0.6931804281345565 0.59635 0.6990519877675841 0.5936833333333333 0.6970948012232415 0.59155 0.6970948012232415 0.5888833333333333 0.6931804281345565 0.5856833333333333 0.6961162079510703 0.5840833333333333 0.6912232415902141
0 0.6105499999999999 0.6990214067278288 0.6092166666666666 0.6929051987767585 0.6059 0.6862079510703364 0.6078833333333333 0.6685015290519878 0.6132000000000001 0.6648623853211009 0.6155333333333334 0.6581651376146789 0.6148666666666667 0.6557186544342507 0.6162000000000001 0.6514373088685016 0.62085 0.6508256880733945 0.6238333333333334 0.6599694189602446 0.6182 0.674617737003058 0.62185 0.6855963302752294 0.6244999999999999 0.6898776758409786 0.6125499999999999 0.6990214067278288
0 0.38121666666666665 0.5455045871559633 0.38175000000000003 0.5299694189602446 0.38421666666666665 0.5239449541284404 0.38531666666666664 0.5154128440366972 0.3902333333333333 0.513914373088685 0.39241666666666664 0.5174006116207951 0.39133333333333337 0.5254434250764526 0.3905 0.530948012232416 0.39215 0.5404892966360857 0.3935166666666667 0.5470030581039755 0.3937833333333334 0.5520183486238531 0.3927 0.5555351681957187
0 0.6037 0.6475229357798166 0.5981666666666666 0.6137614678899083 0.5933666666666666 0.6035779816513761 0.5888333333333333 0.6022018348623853 0.5888333333333333 0.6096024464831804 0.5807666666666667 0.6183792048929664 0.57975 0.6267278287461774 0.5810166666666667 0.635045871559633 0.5890833333333333 0.6368807339449541 0.5921 0.6456880733944954 0.5976499999999999 0.6535474006116209
0 0.6381333333333333 0.6886238532110092 0.6391166666666667 0.6737920489296636 0.6416999999999999 0.66782874617737 0.6423500000000001 0.6642813455657492 0.6416999999999999 0.6541896024464832 0.6449333333333332 0.6476452599388379 0.6485000000000001 0.6494189602446484 0.6497833333333334 0.6559633027522935 0.6507666666666666 0.6607033639143731 0.65335 0.6636697247706422 0.6546500000000001 0.665474006116208 0.6562666666666667 0.6684403669724771 0.6559333333333334 0.674954128440367 0.6549666666666667 0.6832721712538227 0.6546500000000001 0.6898165137614679 0.6549666666666667 0.6993272171253823 0.6546500000000001 0.7046483180428135 0.64915 0.7034556574923547 0.64655 0.6963302752293578 0.6436499999999999 0.6915902140672783 0.6384666666666666 0.6898165137614679 0.6420166666666667 0.6862385321100918
0 0.52115 0.6223241590214067 0.5220666666666667 0.6122018348623853 0.5225166666666666 0.6096941896024465 0.5206833333333334 0.6035168195718654 0.52375 0.5990214067278288 0.5304833333333334 0.6054740061162079 0.5320166666666666 0.6130581039755352 0.5330833333333334 0.6175535168195718 0.5337000000000001 0.6200917431192661 0.5324833333333333 0.6467584097859328 0.5196166666666666 0.6470336391437309
0 0.4878833333333334 0.6433639143730887 0.4797 0.6329663608562691 0.4841166666666667 0.6202446483180428 0.4853666666666667 0.6052293577981651 0.48915000000000003 0.5994495412844038 0.4923 0.6063914373088685 0.49921666666666664 0.6133333333333333 0.49985 0.6214067278287462 0.49544999999999995 0.6271865443425076 0.48978333333333335 0.6364220183486239
0 0.4816166666666667 0.5732721712538227 0.4834333333333333 0.5741284403669725 0.4848 0.5741284403669725 0.4879666666666666 0.574954128440367 0.4879666666666666 0.5815902140672783 0.4879666666666666 0.5824464831804281 0.4879666666666666 0.5915902140672783 0.4879666666666666 0.5915902140672783 0.48886666666666667 0.5899388379204893 0.49113333333333337 0.5915902140672783 0.49113333333333337 0.5924159021406727 0.4902333333333333 0.5990825688073395 0.48886666666666667 0.6007339449541285 0.4866 0.6040672782874618 0.48614999999999997 0.6048929663608563 0.4848 0.6082262996941895 0.4848 0.6123853211009175 0.48388333333333333 0.6198776758409785 0.4816166666666667 0.6232110091743119 0.47798333333333337 0.6090519877675841 0.47935 0.5990825688073395 0.47798333333333337 0.5899388379204893 0.47935 0.5857492354740061 0.4798 0.5824464831804281 0.48024999999999995 0.5774311926605504 0.4825333333333333 0.5757798165137614
0 0.6055499999999999 0.6808562691131498 0.6068833333333333 0.6662079510703364 0.6138666666666667 0.6628440366972477 0.6132166666666666 0.6527522935779816 0.6107166666666667 0.6466666666666667 0.6012333333333334 0.6497247706422019 0.6005666666666666 0.6619266055045872 0.6032333333333333 0.6845259938837921
0 0.5505 0.6763302752293577 0.5491333333333334 0.6652599388379205 0.5513166666666667 0.6547094801223242 0.5516 0.6501834862385322 0.5494 0.6376146788990825 0.5535166666666667 0.6310703363914374 0.55955 0.6295718654434251 0.5628333333333333 0.6411314984709481 0.5644833333333333 0.6537003058103975 0.5672166666666666 0.661743119266055 0.5677666666666668 0.6637614678899083 0.5699666666666667 0.6547094801223242 0.5707833333333334 0.6501834862385322 0.5718833333333333 0.6491743119266055 0.5759833333333333 0.6522018348623854 0.5759833333333333 0.6562079510703365 0.5716 0.6682874617737004 0.5694166666666667 0.6733027522935779 0.5647500000000001 0.669296636085627 0.5639333333333334 0.6768501529051988 0.5641999999999999 0.6838837920489297 0.5496833333333333 0.6768501529051988
0 0.4555666666666666 0.6182874617737003 0.45449999999999996 0.6147706422018349 0.45535 0.6022018348623853 0.4579333333333333 0.5892354740061162 0.4600666666666667 0.5864831804281345 0.4617833333333333 0.5841284403669724 0.46563333333333334 0.5743119266055047 0.4701166666666667 0.5707951070336391 0.47333333333333333 0.5786544342507646 0.4748333333333333 0.5911926605504587 0.4761166666666667 0.604954128440367 0.47590000000000005 0.6198776758409785 0.47505 0.627737003058104 0.4739833333333333 0.6308562691131498
0 0.5012333333333333 0.6217431192660551 0.50115 0.6120489296636086 0.5012333333333333 0.6038837920489296 0.5017833333333334 0.6011926605504587 0.5026833333333334 0.5965443425076452 0.5036833333333333 0.5922018348623853 0.50405 0.5896941896024466 0.5054166666666666 0.5895107033639144 0.5084166666666667 0.5895107033639144 0.5097 0.5896941896024466 0.5097833333333334 0.5932110091743119 0.51005 0.5977064220183486 0.51015 0.6023853211009174 0.5106 0.607217125382263 0.5107833333333334 0.6103975535168196 0.5107833333333334 0.6165749235474006 0.51015 0.617737003058104 0.51015 0.6220795107033639 0.5097833333333334 0.6242507645259938 0.5075166666666666 0.6247400611620795 0.5063333333333333 0.6247400611620795 0.5044166666666666 0.6247400611620795 0.5027833333333334 0.6245871559633028 0.50115 0.6242507645259938 0.50105 0.6227522935779816
0 0.5160833333333333 0.44464831804281346 0.51625 0.42669724770642203 0.5170666666666667 0.42073394495412847 0.5178833333333334 0.41984709480122323 0.5257000000000001 0.4246177370030581 0.5252 0.4398470948012233 0.5245500000000001 0.4467278287461774 0.52195 0.4434556574923547 0.52065 0.4398470948012233
