0 0.37403125 0.3969375 0.37403125 0.36447916666666663 0.38678124999999997 0.3474791666666667 0.39025 0.3320208333333333 0.39837500000000003 0.32429166666666664 0.41576562499999997 0.3212083333333334 0.43198437500000003 0.3289375 0.43546874999999996 0.33047916666666666 0.47371875 0.3814791666666667 0.478359375 0.4154791666666667 0.4771875 0.44485416666666666 0.45053124999999994 0.48039583333333336 0.48415625 0.5005000000000001 0.494578125 0.5143958333333333 0.48067187499999997 0.5592291666666667 0.478359375 0.5252291666666667 0.4006875 0.47577083333333337 0.396046875 0.43866666666666665 0.394890625 0.4077708333333333
0 0.579203125 0.3267083333333333 0.58053125 0.30445833333333333 0.5845312500000001 0.30225 0.5858749999999999 0.291125 0.5845312500000001 0.2804375 0.5788593750000001 0.27110416666666665 0.5751875 0.264875 0.57653125 0.252875 0.5731875 0.23595833333333335 0.566515625 0.2301875 0.5588437500000001 0.23685416666666667 0.5565156250000001 0.256875 0.5565156250000001 0.2622083333333333 0.5505 0.2675416666666666 0.544171875 0.2804375 0.543171875 0.2986875 0.539828125 0.32004166666666667 0.542828125 0.329375 0.558515625 0.3285 0.5751875 0.3240416666666667 0.57653125 0.3267083333333333
0 0.26756250000000004 0.32735416666666667 0.2583125 0.31670833333333337 0.2583125 0.30735416666666665 0.26725 0.28479166666666667 0.27715625 0.26945833333333336 0.282265625 0.265625 0.282578125 0.2583958333333333 0.28385937499999997 0.2451875 0.2848125 0.24135416666666665 0.291515625 0.238375 0.29885937500000004 0.24264583333333334 0.3026875 0.25456249999999997 0.30078125 0.26008333333333333 0.300140625 0.2626458333333333 0.31259375 0.26945833333333336 0.316109375 0.28010416666666665 0.31770312500000003 0.29287500000000005 0.319296875 0.30225 0.320890625 0.30393749999999997 0.320890625 0.30522916666666666 0.321859375 0.3111875 0.320890625 0.3175625 0.317390625 0.3418333333333334 0.30843750000000003 0.35077083333333337 0.304296875 0.3605625 0.2991875 0.37716666666666665 0.29790625 0.386125 0.291515625 0.4355 0.291203125 0.4452916666666667 0.291203125 0.45339583333333333 0.2905625 0.4559375 0.281625 0.45679166666666665 0.275875 0.45679166666666665 0.2611875 0.46020833333333333 0.25415625 0.4572291666666667 0.25671875 0.4482708333333333 0.25384375000000003 0.41591666666666666 0.25798437500000004 0.38397916666666665 0.26565625000000004 0.3439583333333333 0.266296875 0.3282083333333333
0 0.8591093750000001 0.3504375 0.855890625 0.31647916666666664 0.847640625 0.309125 0.84809375 0.29383333333333334 0.842359375 0.28954166666666664 0.8343281250000001 0.29229166666666667 0.830890625 0.303 0.8329531250000001 0.3121875 0.8279062500000001 0.3287083333333333 0.8258281249999999 0.3421666666666667 0.8246874999999999 0.35072916666666665
0 0.91715625 0.2655208333333333 0.9217656249999999 0.25908333333333333 0.927921875 0.25645833333333334 0.93384375 0.26085416666666666 0.9340624999999999 0.27372916666666663 0.929671875 0.3071041666666667 0.913421875 0.3155833333333333 0.913640625 0.3489583333333333 0.911671875 0.35393749999999996 0.893890625 0.35481250000000003 0.8952031249999999 0.303875 0.90025 0.2886666666666667 0.9046406250000001 0.2795833333333333 0.910796875 0.27079166666666665
0 0.7740781250000001 0.3333333333333333 0.782046875 0.31806249999999997 0.788640625 0.30833333333333335 0.791765625 0.30370833333333336 0.7914218749999999 0.2944583333333333 0.790734375 0.29075 0.7928124999999999 0.28058333333333335 0.794546875 0.27687500000000004 0.8035625 0.2745625 0.807390625 0.2750208333333333 0.8125937499999999 0.2810416666666667 0.813625 0.29029166666666667 0.815015625 0.2967708333333333 0.8216093750000001 0.30093749999999997 0.82334375 0.31064583333333334 0.8236874999999999 0.3185208333333333 0.818484375 0.342125 0.8046093750000001 0.35368750000000004 0.7865624999999999 0.34720833333333334 0.777546875 0.3407291666666667
0 0.6502656250000001 0.33531249999999996 0.6063125 0.3292083333333334 0.608375 0.31454166666666666 0.61203125 0.3035625 0.621421875 0.2904375 0.62325 0.2730208333333334 0.626234375 0.2669166666666667 0.631953125 0.2657083333333333 0.63928125 0.26906250000000004 0.641796875 0.28920833333333335 0.6511875 0.319125 0.6539375 0.33560416666666665
0 0.6771874999999999 0.3372708333333333 0.655328125 0.33589583333333334 0.647 0.30535416666666665 0.655671875 0.2905416666666667 0.655671875 0.27295833333333336 0.6598437500000001 0.2687916666666667 0.6664375 0.26510416666666664 0.67303125 0.2669375 0.6771874999999999 0.27295833333333336 0.6740625 0.2891666666666667 0.674765625 0.2937916666666667 0.6872499999999999 0.3229375
0 0.729609375 0.306 0.736984375 0.2967083333333333 0.736984375 0.2901458333333334 0.7365781250000001 0.2830416666666667 0.739859375 0.27320833333333333 0.743140625 0.2661041666666667 0.750921875 0.26829166666666665 0.75584375 0.272125 0.761984375 0.2803125 0.761984375 0.29125 0.764859375 0.2950625 0.768546875 0.3032708333333333 0.7718281250000001 0.312 0.7730625 0.32075000000000004 0.7734687499999999 0.32675 0.77428125 0.34370833333333334 0.73125 0.3404166666666667
0 0.35290625000000003 0.38964583333333336 0.35290625000000003 0.28839583333333335 0.348109375 0.2582916666666667 0.33990624999999997 0.2537291666666667 0.34195312499999997 0.22818750000000002 0.322796875 0.21906250000000002 0.3200625 0.220875 0.31390625 0.24185416666666668 0.31253125000000004 0.275625 0.31390625 0.30572916666666666 0.31321875 0.3376458333333333 0.29953124999999997 0.3869166666666667 0.29884374999999996 0.3905625
0 0.40793749999999995 0.321875 0.393125 0.3265 0.390578125 0.32927083333333335 0.38803125 0.311375 0.38084375000000004 0.3156875 0.377375 0.3079791666666667 0.379921875 0.2919375 0.393578125 0.2697083333333333 0.3954375 0.2582916666666667 0.400296875 0.2548958333333333 0.4063125 0.2582916666666667 0.408859375 0.2700208333333334 0.41001562500000005 0.2780416666666667 0.41789062499999996 0.29162499999999997 0.41209375000000004 0.3058125 0.41140625000000003 0.31816666666666665 0.42251562500000006 0.31816666666666665 0.42182812500000005 0.3234166666666667 0.41117187499999996 0.32093750000000004
0 0.503015625 0.21458333333333332 0.50525 0.21383333333333335 0.508609375 0.21533333333333332 0.514203125 0.22427083333333334 0.515328125 0.23770833333333333 0.526515625 0.251125 0.53378125 0.2735 0.5354687499999999 0.2906666666666667 0.53434375 0.29289583333333336 0.5388124999999999 0.29589583333333336 0.5393749999999999 0.3063333333333333 0.5371406249999999 0.3137916666666667 0.524265625 0.3108125 0.52315625 0.3108125 0.51084375 0.3063333333333333 0.50134375 0.3160208333333333 0.497421875 0.3093125 0.49909375 0.27947916666666667 0.5002187499999999 0.2503958333333333 0.50078125 0.2391875 0.5018906249999999 0.2168125 0.5018906249999999 0.21308333333333335
0 0.411234375 0.31935416666666666 0.4453125 0.32268749999999996 0.46281249999999996 0.3139375 0.45843749999999994 0.28227083333333336 0.448125 0.2735208333333333 0.4490625 0.25477083333333334 0.44343750000000004 0.24810416666666668 0.432796875 0.2506041666666667 0.42935937500000004 0.2635208333333333 0.431859375 0.27310416666666665 0.423734375 0.27893749999999995 0.420609375 0.29060416666666666 0.41685937500000003 0.29143749999999996
