0 0.40015625000000005 0.9539166666666666 0.39460937500000004 0.9749583333333334 0.395046875 0.9880208333333333 0.39803125 0.9925833333333334 0.4108125 0.9584791666666667 0.413375 0.9545 0.424453125 0.9567708333333333 0.435109375 0.9993958333333333 0.4461875 0.9988333333333334 0.44576562500000005 0.9630208333333333 0.46325000000000005 0.9886041666666666 0.49990625 0.9812083333333333 0.50459375 0.9760833333333333 0.502890625 0.9698333333333333 0.47006249999999994 0.9709791666666666 0.44278125 0.9374375 0.43596874999999996 0.9328958333333334 0.44278125 0.9084583333333334 0.44021875 0.8982291666666666 0.43596874999999996 0.8925416666666667 0.427859375 0.8925416666666667 0.41507812499999996 0.9033333333333334 0.41890625000000004 0.9141458333333333 0.42232812500000005 0.9272083333333333 0.4014375 0.9402916666666666
0 0.24284374999999997 0.8954791666666666 0.23531249999999998 0.8954791666666666 0.23304687500000001 0.903 0.23004687499999998 0.9200625 0.23718750000000002 0.9351041666666667 0.2356875 0.9586875 0.23531249999999998 0.9807708333333333 0.23117187499999997 0.9847708333333334 0.23718750000000002 0.9872916666666666 0.240578125 0.9351041666666667 0.24471875 0.9351041666666667 0.248484375 0.9677083333333333 0.25375000000000003 0.9637083333333333 0.251109375 0.9351041666666667 0.25187499999999996 0.9265833333333333 0.257515625 0.9205625000000001 0.259390625 0.9135416666666667 0.254875 0.8979791666666667 0.2545 0.8969791666666667 0.25159375 0.8942916666666666 0.25206249999999997 0.8842291666666667 0.251140625 0.8796666666666667 0.2479375 0.8784583333333333 0.2440625 0.879375 0.242921875 0.8811875 0.241546875 0.8851458333333333 0.241546875 0.8918541666666666
0 0.22937500000000002 1.0 0.1310625 0.9998958333333333 0.139140625 0.9901041666666667 0.15746875 0.9773958333333332 0.16628125 0.9715208333333333 0.15746875 0.9363125 0.16114062499999998 0.9128333333333334 0.168484375 0.8932708333333333 0.19048437499999998 0.8893541666666667 0.20515625 0.9089166666666666 0.20515625 0.9372916666666666 0.19929687499999998 0.9725 0.22937500000000002 0.9969583333333334
0 0.008234374999999999 0.9553125 0.026437500000000003 0.933375 0.050687499999999996 0.9518541666666667 0.054156249999999996 0.9726458333333333 0.059359375000000006 0.9980625 0.007375 1.0 0.00390625 0.9957499999999999 0.004765625 0.9807291666666667
0 0.26859375 0.9415833333333333 0.26770312500000004 0.9270625 0.26753125 0.916125 0.25896875 0.9085208333333333 0.26003125 0.9047083333333333 0.26521875 0.8980416666666666 0.266109375 0.8928125 0.264140625 0.8847291666666667 0.2645 0.8792500000000001 0.26825 0.8775833333333334 0.270734375 0.8792500000000001 0.27164062499999997 0.8849583333333333 0.27234375 0.8897291666666667 0.27359374999999997 0.9051875 0.277703125 0.9201666666666667 0.275203125 0.9299166666666667 0.272875 0.9451458333333334 0.2645 0.9460833333333334 0.26575000000000004 0.9434791666666666 0.268421875 0.9425208333333334
0 0.98284375 0.9679375 0.980796875 0.9120208333333333 0.97771875 0.9051875 0.979765625 0.8860833333333333 0.975671875 0.880625 0.969546875 0.880625 0.965453125 0.897 0.965453125 0.9433958333333333 0.968515625 0.9611249999999999
0 0.20140625 0.9042291666666666 0.206625 0.8976041666666668 0.20885937499999999 0.8952708333333333 0.20985937500000001 0.8929583333333333 0.210359375 0.8899583333333333 0.210359375 0.8876458333333334 0.210609375 0.8836666666666667 0.21185937500000002 0.8793541666666667 0.21509375 0.8790208333333334 0.2185625 0.8813333333333334 0.2190625 0.8829999999999999 0.2205625 0.8892916666666667 0.22179687499999998 0.8902916666666666 0.222296875 0.8952708333333333 0.222296875 0.9028958333333333 0.222296875 0.9115208333333332 0.2205625 0.9231458333333333 0.2205625 0.9327500000000001 0.2205625 0.9387291666666666 0.2203125 0.943375 0.21632812499999998 0.945375 0.21409375000000003 0.945375 0.21160937500000002 0.9443750000000001 0.21259375 0.9403958333333333 0.21409375000000003 0.9377291666666667 0.21334375 0.9340833333333334 0.21185937500000002 0.9294375 0.21110937500000002 0.9244583333333334 0.21110937500000002 0.9155 0.210859375 0.909875 0.20787499999999998 0.9121875 0.205625 0.9121875 0.20812499999999998 0.907875 0.210359375 0.9062291666666666 0.210609375 0.9042291666666666 0.207375 0.9045625 0.204640625 0.9065624999999999
0 0.4944375 0.9692291666666667 0.46957812499999996 0.9717291666666666 0.449703125 0.9485208333333334 0.43853125000000004 0.9327916666666667 0.441015625 0.9245 0.459640625 0.9096041666666667 0.45406250000000004 0.8971874999999999 0.456546875 0.8864166666666667 0.46709375 0.8764791666666666 0.47828125000000005 0.8806041666666666 0.480765625 0.8897291666666667 0.47456250000000005 0.9087708333333333 0.48946875 0.9228541666666668 0.4925625 0.9659166666666666
0 0.28498437499999996 0.9109583333333333 0.276921875 0.9031458333333333 0.27178125 0.8943333333333333 0.27325 0.87575 0.28278125 0.8688958333333333 0.28865625 0.8992291666666666
0 0.504046875 0.9951666666666666 0.510703125 0.9715 0.510703125 0.9478333333333333 0.51625 0.9241666666666667 0.5217968749999999 0.909375 0.525125 0.8931041666666667 0.5373281249999999 0.8797916666666666 0.54509375 0.88275 0.54953125 0.9108541666666666 0.55396875 0.91825 0.5628437500000001 0.9345208333333334 0.56728125 0.95375 0.563953125 0.9818541666666667 0.563953125 0.9936875000000001 0.5628437500000001 1.0 0.55175 1.0 0.541765625 1.0 0.524015625 1.0 0.5062656249999999 1.0
0 0.034671875000000005 0.9441458333333334 0.041828125 0.9279791666666667 0.048046875 0.9213333333333333 0.05053125000000001 0.9171875 0.053640625 0.9176041666666667 0.054265625 0.9171875 0.052390625 0.9055833333333333 0.052078124999999996 0.9014375 0.04896875 0.8931458333333333 0.05053125000000001 0.8869375 0.05923437499999999 0.8832083333333334 0.064828125 0.882375 0.070109375 0.8852708333333333 0.07540625 0.89025 0.07664062499999999 0.8985416666666667 0.07664062499999999 0.9076666666666667 0.07664062499999999 0.9130416666666666 0.08006250000000001 0.9225833333333333 0.084109375 0.9329375 0.08628125 0.9424791666666666 0.085046875 0.9524375 0.082234375 0.9578125 0.080375 0.9644583333333333 0.081 0.979375 0.080375 0.9851875 0.06825 0.9913958333333334 0.064515625 0.995125 0.06328125 0.9992708333333333 0.054265625 0.9996875000000001 0.053015625 0.9868333333333333 0.052390625 0.9710833333333333 0.05115625 0.9598958333333333 0.046796875 0.9503541666666667 0.041203125 0.945375 0.035296875 0.9449583333333333 0.031875 0.9445625
0 0.4890625 0.9147916666666667 0.485234375 0.9054791666666666 0.48365625 0.9030625000000001 0.4845625 0.8982708333333334 0.48839062499999997 0.8886666666666667 0.492671875 0.8835416666666667 0.494703125 0.8820416666666666 0.497171875 0.8796458333333333 0.49965624999999997 0.8799375 0.50078125 0.8808541666666667 0.50078125 0.8850625 0.50009375 0.8871458333333333 0.501453125 0.8919583333333333 0.5023593749999999 0.8922708333333333 0.5023593749999999 0.8943541666666667 0.50128125 0.8959583333333333 0.500796875 0.8981875 0.499625 0.8954375 0.4984375 0.8966041666666666 0.495703125 0.8945208333333333 0.493421875 0.8990833333333333 0.495 0.9023541666666667 0.495703125 0.9042291666666666 0.496578125 0.905625 0.49868750000000006 0.905625 0.498515625 0.9077291666666666 0.49693750000000003 0.9098541666666667 0.49623437499999995 0.9131250000000001 0.49589062500000003 0.9192083333333334 0.49693750000000003 0.9229583333333333 0.49693750000000003 0.9245833333333333 0.49640625 0.9264583333333333 0.49412500000000004 0.9273958333333333 0.49290625 0.9252916666666666 0.49167187500000004 0.9229583333333333 0.4895625 0.9171041666666666
0 0.15190625 0.8902083333333334 0.14710937500000001 0.8852916666666667 0.146375 0.8813541666666667 0.14195312499999999 0.8793958333333334 0.141578125 0.8838125 0.141203125 0.88775 0.141203125 0.8980833333333333 0.14675 0.8976041666666668 0.14675 0.8976041666666668 0.15190625 0.8916875 0.15190625 0.8916875
