0 0.33515625 0.17217289719626166 0.333765625 0.11427570093457944 0.350359375 0.09154205607476636 0.360046875 0.06878504672897197 0.372484375 0.04191588785046729 0.404296875 0.03983644859813084 0.41398437499999996 0.06672897196261682 0.41259375 0.09154205607476636 0.436109375 0.1308177570093458 0.44578125 0.16598130841121497 0.438875 0.17217289719626166 0.42504687499999994 0.17011682242990656 0.41398437499999996 0.15976635514018692 0.40153125 0.145303738317757 0.398765625 0.16184579439252336 0.398765625 0.17217289719626166 0.3863125 0.18044392523364486 0.33653125 0.18044392523364486 0.3199375 0.17630841121495325
0 0.8255156250000001 0.14974299065420563 0.8255156250000001 0.13556074766355142 0.8289687499999999 0.10586448598130842 0.830265625 0.08070093457943925 0.836296875 0.06714953271028037 0.8457968749999999 0.06261682242990654 0.8496874999999999 0.06070093457943925 0.8561562500000001 0.045841121495327104 0.86521875 0.04133177570093458 0.87384375 0.04198598130841121 0.875140625 0.0497196261682243 0.8686718750000001 0.0716588785046729 0.8764375 0.08780373831775701 0.879890625 0.09231308411214953 0.8807499999999999 0.10392523364485981 0.879890625 0.12457943925233644 0.8768750000000001 0.14200934579439253 0.870390625 0.15619158878504671 0.85875 0.15941588785046729 0.8445 0.16135514018691588 0.835 0.15813084112149534
0 0.9668749999999999 0.13189252336448598 0.9755312500000001 0.14871495327102804 0.98590625 0.15259345794392523 0.9893750000000001 0.1635981308411215 0.99975 0.16422897196261685 0.9984531249999999 0.1325467289719626 0.993265625 0.11313084112149534 0.973359375 0.08985981308411216 0.9673125 0.07175233644859813 0.9560625 0.06009345794392523 0.9448124999999999 0.07628504672897196 0.94265625 0.09502336448598131 0.9469843750000001 0.10408878504672897 0.954765625 0.1086214953271028 0.952609375 0.12154205607476637 0.9487187499999999 0.13126168224299065 0.9564999999999999 0.13577102803738317
0 0.77478125 0.07838785046728972 0.7838125 0.09009345794392525 0.79465625 0.13689252336448599 0.795859375 0.15130841121495328 0.795859375 0.15850467289719627 0.754921875 0.16658878504672897 0.7513124999999999 0.15490654205607476 0.750703125 0.11530373831775702 0.742890625 0.07838785046728972 0.74409375 0.05859813084112149 0.7609375 0.04238317757009346 0.770578125 0.0477803738317757
0 0.62825 0.09242990654205609 0.632953125 0.11439252336448598 0.63334375 0.12170560747663552 0.629421875 0.1366355140186916 0.622375 0.13927570093457944 0.610625 0.137803738317757 0.6090625000000001 0.12932242990654205 0.607890625 0.11233644859813084 0.610046875 0.10063084112149533 0.6149375 0.09565420560747663 0.6208125 0.08628504672897196 0.625515625 0.08422897196261682 0.627671875 0.08950934579439253
0 0.9005625 0.0780607476635514 0.89025 0.0641822429906542 0.9005625 0.04567757009345794 0.9211874999999999 0.05184579439252337 0.92634375 0.07343457943925234 0.9418124999999999 0.08422897196261682 0.9418124999999999 0.12123831775700934 0.9222187500000001 0.14591121495327103 0.8923125000000001 0.14591121495327103 0.89025 0.12123831775700934 0.89025 0.09502336448598131
0 0.693859375 0.1331308411214953 0.6889062499999999 0.107196261682243 0.6889062499999999 0.08313084112149532 0.6988125000000001 0.0905373831775701 0.70625 0.11091121495327103 0.70253125 0.1294392523364486
0 0.45748437500000005 0.12303738317757008 0.456625 0.11296728971962618 0.45553125000000005 0.11296728971962618 0.454890625 0.0928271028037383 0.45684375 0.08600467289719627 0.46053125 0.0827803738317757 0.459453125 0.075303738317757 0.459453125 0.06978971962616823 0.461625 0.06654205607476636 0.46704687500000003 0.06686915887850467 0.46878125 0.07011682242990655 0.46878125 0.07595794392523364 0.468125 0.08308411214953272 0.4685625 0.08471962616822429 0.4735625 0.08894859813084112 0.47573437500000004 0.09121495327102803 0.476171875 0.09866822429906541 0.476171875 0.10581775700934579 0.47400000000000003 0.1097196261682243 0.4735625 0.11425233644859813 0.47681250000000003 0.11913551401869159 0.47681250000000003 0.12399532710280374
0 0.312890625 0.13133177570093457 0.31409375 0.1200233644859813 0.31015625 0.11366822429906542 0.3074375 0.11051401869158878 0.305921875 0.10689252336448599 0.30621875 0.09964953271028038 0.307734375 0.09691588785046729 0.3153125 0.09918224299065422 0.317734375 0.09691588785046729 0.31925 0.09102803738317757 0.32196875 0.08425233644859814 0.32287499999999997 0.08198598130841123 0.321359375 0.07156542056074766 0.3210625 0.06567757009345794 0.32409374999999996 0.0625 0.32771875 0.06114485981308412 0.33014062499999997 0.06296728971962616 0.332265625 0.06885514018691588 0.332265625 0.07518691588785047 0.3325625 0.07745327102803738 0.3404375 0.084696261682243 0.34075 0.08876168224299066 0.32984375 0.13450934579439253
0 0.640984375 0.09679906542056074 0.640984375 0.11091121495327103 0.635671875 0.125 0.636265625 0.13292056074766356 0.659828125 0.13203271028037383 0.6621875 0.13556074766355142 0.667484375 0.12235981308411215 0.6580625 0.1047429906542056 0.652171875 0.10649532710280374 0.646875 0.09327102803738319 0.64215625 0.09327102803738319
