0 0.5496875 0.5370416666666666 0.5464375 0.5409791666666667 0.543484375 0.5437291666666667 0.542609375 0.5519999999999999 0.54053125 0.5555416666666667 0.537875 0.5697083333333333 0.537875 0.5767916666666667 0.537875 0.5870208333333333 0.537875 0.5933333333333334 0.5570625 0.5913541666666667 0.56178125 0.5893958333333333 0.5862812500000001 0.5882083333333333 0.5865781250000001 0.586625 0.58096875 0.586625 0.5730000000000001 0.5846666666666667 0.558828125 0.5823125 0.5549999999999999 0.5744375 0.5570625 0.5697083333333333 0.571234375 0.57325 0.574484375 0.57325 0.5759531250000001 0.5697083333333333 0.573296875 0.5657708333333333 0.568875 0.5657708333333333 0.561484375 0.5646041666666667 0.5538125 0.5638124999999999 0.55559375 0.5586875 0.558828125 0.5555416666666667 0.55971875 0.5488541666666666 0.558546875 0.541375 0.5570625 0.5378333333333334 0.5529375 0.5350833333333332 0.547921875 0.5358750000000001
0 0.699578125 0.5478541666666668 0.70084375 0.543875 0.7053906249999999 0.5409375 0.705703125 0.5401041666666667 0.7065 0.5338125 0.7072812500000001 0.5327708333333333 0.709640625 0.5327708333333333 0.712625 0.5329791666666667 0.7129375 0.5375833333333334 0.71246875 0.54325 0.717328125 0.5440833333333334 0.7206406249999999 0.5440833333333334 0.72378125 0.54325 0.726765625 0.54325 0.726765625 0.5447083333333332 0.724875 0.5468125 0.722828125 0.5480625 0.71246875 0.5482708333333334 0.709796875 0.5495208333333333 0.70084375 0.5482708333333334
0 0.6111093750000001 0.5902083333333333 0.62196875 0.590625 0.62771875 0.5880833333333333 0.637296875 0.5880833333333333 0.64528125 0.5804166666666667 0.659328125 0.577 0.668265625 0.5757291666666667 0.679453125 0.5646666666666668 0.68359375 0.5552916666666667 0.69221875 0.5582708333333334 0.6935 0.5659375 0.692546875 0.5697708333333333 0.6909375 0.5740208333333333 0.699890625 0.5799791666666666 0.7123437499999999 0.5816874999999999 0.724796875 0.5851041666666668 0.72990625 0.5829583333333334 0.7337343749999999 0.58425 0.7337343749999999 0.5851041666666668 0.73340625 0.5859583333333334 0.7315 0.5902083333333333 0.7184062499999999 0.5902083333333333 0.69221875 0.5893541666666666 0.68934375 0.5876458333333333 0.68646875 0.5927708333333332 0.685828125 0.5944583333333333 0.66859375 0.5936041666666667 0.6555 0.5953125 0.649109375 0.5974375 0.630265625 0.5974375 0.6130312499999999 0.5970208333333333 0.606 0.5974375 0.59834375 0.5995833333333334 0.593546875 0.5991458333333333 0.595140625 0.5965833333333334 0.606328125 0.5914791666666667 0.60759375 0.5902083333333333
0 0.39001562500000003 0.5554583333333334 0.39079687500000004 0.5476666666666666 0.39079687500000004 0.5462083333333333 0.39268749999999997 0.5453541666666666 0.39459374999999997 0.5430416666666668 0.393171875 0.5371458333333333 0.39159375 0.5358958333333333 0.387953125 0.5371458333333333 0.38606250000000003 0.5403125000000001 0.3854375 0.5426249999999999 0.37959375 0.5462083333333333 0.37659375 0.5502083333333334 0.37628125 0.5556666666666668 0.38890625 0.5567291666666667
0 0.267109375 0.5522083333333333 0.26984375 0.5506875 0.26984375 0.5473333333333333 0.27121875 0.5436666666666666 0.27121875 0.5406041666666667 0.27168749999999997 0.5384791666666667 0.27375 0.5381666666666667 0.275796875 0.5409166666666666 0.276265625 0.5451875 0.27717187499999996 0.5418333333333333 0.277859375 0.5387708333333333 0.279703125 0.5366458333333333 0.281984375 0.53725 0.282671875 0.5403125000000001 0.28153125 0.544875 0.28496875 0.5485416666666667 0.28496875 0.5567916666666667 0.28335937499999997 0.5573958333333333 0.2824375 0.5522083333333333 0.280375 0.5540416666666667 0.275109375 0.555875 0.27351562500000004 0.5540416666666667 0.2703125 0.5549583333333333 0.26573437499999997 0.5543541666666666 0.265265625 0.5534374999999999 0.266421875 0.5528125
0 0.596484375 0.5469166666666666 0.596796875 0.5443125 0.598640625 0.5431458333333333 0.5983125 0.541125 0.598109375 0.5383958333333333 0.59940625 0.5359375 0.60103125 0.5352083333333333 0.602546875 0.5352083333333333 0.603625 0.537375 0.603953125 0.5404166666666667 0.60340625 0.542875 0.6032968750000001 0.5441666666666667 0.605359375 0.5441666666666667 0.60621875 0.5453125 0.606546875 0.5474791666666667 0.606546875 0.5496458333333333 0.601453125 0.5506666666666666 0.599515625 0.5503750000000001 0.597890625 0.5495
0 0.638953125 0.5375416666666666 0.64121875 0.5372291666666666 0.64209375 0.5380833333333332 0.6426406250000001 0.5398333333333334 0.6426406250000001 0.5422083333333333 0.6399375 0.5427916666666667 0.6382656250000001 0.5427916666666667 0.637578125 0.5412916666666666 0.637234375 0.5403749999999999 0.638015625 0.5386041666666667
0 0.538796875 0.5485208333333333 0.531234375 0.5479375 0.534796875 0.5378333333333334 0.53746875 0.5425833333333333
0 0.8855625 0.5389375 0.884953125 0.5365 0.877015625 0.5301875 0.8742656249999999 0.532625 0.871671875 0.5299791666666667 0.8696875000000001 0.5226458333333334 0.8718281250000001 0.5214166666666666 0.8760937500000001 0.5228541666666666 0.8760937500000001 0.5246875 0.89275 0.5258958333333333 0.8942656250000001 0.5299791666666667 0.8942656250000001 0.5368958333333332 0.8944218749999999 0.5383333333333333 0.8944218749999999 0.5385208333333333
0 0.0325625 0.5860416666666667 0.034578125 0.5839375 0.03659375 0.5803541666666666 0.038390625 0.5788541666666667 0.042640625 0.5767708333333333 0.046453125 0.5776666666666667 0.048015625 0.5791666666666667 0.05384375 0.5818541666666667 0.0563125 0.5857291666666666 0.057203125 0.5941041666666667 0.056984375 0.5950000000000001 0.053171875 0.5965 0.051390625 0.5947083333333333 0.047796875 0.5935 0.046 0.5958958333333333 0.04196875 0.5967916666666666 0.041078125 0.5967916666666666 0.037484375 0.5943958333333333 0.033015625 0.5928958333333333 0.0314375 0.5923125 0.030765625 0.5884166666666667
