0 0.5475625 0.5600625 0.545421875 0.5576875 0.545421875 0.5455625000000001 0.545421875 0.5436666666666666 0.5438125 0.5424583333333334 0.546484375 0.5374791666666667 0.546484375 0.5348541666666667 0.548625 0.5336666666666667 0.5489843750000001 0.5372291666666666 0.5491718750000001 0.5398541666666666 0.549515625 0.5427083333333333 0.5488125 0.5450833333333333 0.548625 0.5510208333333334 0.5480937499999999 0.5548333333333333 0.5486875 0.5571041666666667 0.547859375 0.5580833333333334 0.547765625 0.5588333333333334
0 0.5415 0.5446666666666666 0.5418125 0.5379583333333334 0.540109375 0.5326041666666667 0.540578125 0.5273541666666667 0.54259375 0.5251875 0.5414218749999999 0.5236458333333334 0.541890625 0.5221875 0.5446718749999999 0.5216875 0.5444375 0.5245624999999999 0.54621875 0.5278541666666666 0.545828125 0.5361041666666666 0.544296875 0.5369375000000001 0.5444375 0.5449791666666666 0.54375 0.5456875 0.542359375 0.5461041666666666 0.5410468749999999 0.5453749999999999
0 0.5573125 0.5824583333333333 0.5573125 0.5824583333333333 0.559609375 0.58425 0.5596875 0.5845416666666666 0.5604218750000001 0.5891041666666667 0.5604218750000001 0.5891041666666667 0.561546875 0.5907916666666666 0.561921875 0.5960416666666667 0.56221875 0.5993125 0.5534375 0.5989166666666667 0.550921875 0.5983333333333333 0.553 0.592375 0.5552343750000001 0.5878125 0.555078125 0.587125 0.555296875 0.5830625
0 0.48157812499999997 0.4933125 0.48012499999999997 0.49716666666666665 0.48157812499999997 0.5000625 0.48448437499999997 0.5000625 0.48520312499999996 0.49522916666666666 0.4859375 0.4908958333333333 0.48267187500000003 0.48314583333333333 0.48157812499999997 0.48460416666666667 0.48267187500000003 0.4894375
0 0.052109375 0.5738749999999999 0.051890625 0.5623541666666667 0.052953125000000004 0.5581458333333333 0.05337499999999999 0.5533750000000001 0.051468749999999994 0.5516875 0.051265625 0.5494375 0.051046875000000005 0.5480416666666666 0.048109374999999996 0.5474791666666667 0.048734375 0.55225 0.047890625 0.5536458333333333 0.047046875 0.5558958333333333 0.04684375 0.5626458333333333 0.04684375 0.5733125 0.04853125 0.5724791666666668 0.048734375 0.564875 0.050203125 0.5646041666666667 0.050203125 0.5733125
0 0.561046875 0.5062291666666667 0.561046875 0.4980833333333334 0.561046875 0.49456249999999996 0.561046875 0.49139583333333337 0.560359375 0.4875208333333333 0.5599375 0.4875208333333333 0.560078125 0.49120833333333336 0.55840625 0.49456249999999996 0.55840625 0.4954791666666667 0.559109375 0.49824999999999997 0.55896875 0.5075208333333333
0 0.36028125 0.5276666666666666 0.36303125 0.5392499999999999 0.36739062499999997 0.5468958333333334 0.36739062499999997 0.5514583333333333 0.363953125 0.5539166666666666 0.36303125 0.552375 0.361890625 0.5493333333333333 0.36075 0.5462708333333333 0.3586875 0.5478124999999999 0.3586875 0.5526875 0.354796875 0.5526875 0.35296875 0.55025 0.3545625 0.5471874999999999 0.355015625 0.5426249999999999 0.35617187499999997 0.5392499999999999 0.356625 0.5352916666666666 0.35617187499999997 0.5307083333333333 0.355703125 0.5255208333333333 0.358234375 0.5249166666666667
0 0.5395 0.5365625 0.539203125 0.5441458333333333 0.536015625 0.5443958333333333 0.5351250000000001 0.5426666666666667 0.534921875 0.5393541666666667 0.532625 0.5365625 0.531140625 0.5333749999999999 0.5334218749999999 0.5301875 0.534921875 0.5280625 0.534625 0.5252708333333334 0.535015625 0.5216875 0.537015625 0.5215416666666667 0.53821875 0.5253958333333333 0.538609375 0.5267291666666667 0.5405 0.5277916666666667
0 0.0615 0.5663125 0.06315625 0.5708333333333333 0.057937499999999996 0.5704583333333333 0.057843750000000006 0.568625 0.0565625 0.5701041666666666 0.055265625 0.5647083333333334 0.059671875 0.5603125 0.056734375000000004 0.5573750000000001 0.056734375000000004 0.5506666666666666 0.058750000000000004 0.5487083333333334 0.059312500000000004 0.5450416666666666 0.06343750000000001 0.5451458333333333 0.0630625 0.5496875 0.061421875 0.5501666666666666 0.06168749999999999 0.5582291666666667 0.06334375 0.5589791666666667 0.063609375 0.5653333333333334
0 0.551375 0.5572291666666668 0.5511874999999999 0.549375 0.54959375 0.5429583333333333 0.5511874999999999 0.5379583333333334 0.5506562500000001 0.5348541666666667 0.552078125 0.5327291666666667 0.555109375 0.5353333333333333 0.55546875 0.5424791666666666 0.55565625 0.5527083333333334 0.555296875 0.5576875 0.557609375 0.5581666666666667 0.557796875 0.5610208333333334 0.551734375 0.5605416666666667
0 0.717984375 0.5330625 0.7224999999999999 0.5349166666666666 0.723890625 0.5316666666666666 0.7232031250000001 0.5284375 0.723890625 0.5251875 0.7218125 0.5215 0.7186874999999999 0.526125 0.716609375 0.532125
0 0.510234375 0.5642291666666667 0.508734375 0.5598958333333334 0.510734375 0.5562083333333334 0.51275 0.5562083333333334 0.51275 0.5642291666666667
0 0.47367187499999996 0.5334791666666666 0.474203125 0.5397708333333333 0.47559375 0.5392916666666667 0.47525000000000006 0.5323125 0.47664062500000004 0.5311458333333333 0.47646875 0.5288333333333334 0.475421875 0.5283541666666667 0.474203125 0.5260208333333334 0.47296875 0.5274166666666666 0.471234375 0.5292916666666667 0.47279687499999995 0.5320833333333334 0.47350000000000003 0.5327708333333333
