0 0.21406077348066296 0.533890625 0.18629834254143646 0.5742499999999999 0.02773480662983425 0.605640625 0.01585635359116022 0.58546875 0.035662983425414366 0.5316562499999999 0.13477900552486188 0.4150625 0.2180110497237569 0.38590625 0.33298342541436465 0.347796875 0.33298342541436465 0.31415625 0.33693370165745856 0.258109375 0.356767955801105 0.19309375 0.40035911602209945 0.181875 0.4717127071823204 0.181875 0.5827071823204419 0.197578125 0.6183977900552486 0.21775000000000003 0.6104696132596685 0.2895 0.6183977900552486 0.3410625 0.6937016574585636 0.3410625 0.7769613259668509 0.338828125 0.9236187845303868 0.33434375 0.9870441988950276 0.338828125 0.9909944751381216 0.36124999999999996 0.9949723756906077 0.408328125 0.9196408839779007 0.397125 0.7928176795580111 0.419546875 0.7174861878453039 0.43971875000000005 0.6382044198895027 0.515953125
0 0.20944751381215468 0.32992187500000003 0.19348066298342542 0.31571875 0.15925414364640883 0.288625 0.1330110497237569 0.285390625 0.11019337016574586 0.285390625 0.09306629834254143 0.277 0.08165745856353591 0.2589375 0.06113259668508287 0.2511875 0.03831491712707182 0.2550625 0.004088397790055248 0.2789375 0.0 0.3183125 0.03375690607734807 0.31379687500000003 0.04743093922651934 0.31765625000000003 0.06339779005524862 0.344125 0.09422651933701658 0.342828125 0.09080110497237569 0.328625
0 0.15638121546961326 0.285453125 0.1620718232044199 0.2648125 0.16323204419889503 0.2493125 0.16892265193370165 0.239640625 0.17690607734806632 0.228671875 0.18488950276243096 0.222859375 0.1963259668508287 0.22221875 0.21113259668508289 0.22995312499999998 0.20544198895027627 0.23900000000000002 0.19060773480662985 0.24351562499999999 0.19290055248618784 0.260296875 0.1940331491712707 0.26675 0.20314917127071824 0.271265625 0.1985911602209945 0.2770625 0.19745856353591162 0.283515625 0.21 0.298359375 0.21455801104972377 0.3086875 0.22140883977900555 0.31643750000000004 0.2134254143646409 0.322890625 0.1951657458563536 0.317078125 0.19745856353591162 0.311921875 0.18947513812154698 0.30546875 0.1826243093922652 0.30159375 0.17464088397790056 0.296421875 0.1700828729281768 0.2945 0.15295580110497237 0.286109375 0.1552486187845304 0.281578125
0 0.8794198895027625 0.333609375 0.8653867403314917 0.332875 0.8730386740331493 0.310171875 0.8653867403314917 0.295390625 0.8724033149171271 0.25970312500000003 0.8915193370165746 0.2506875 0.8927900552486188 0.2441875 0.9023480662983425 0.23265625 0.91 0.230859375 0.9253038674033148 0.2319375 0.9310220994475137 0.23914062500000002 0.925939226519337 0.25320312500000003 0.9176519337016574 0.267625 0.914475138121547 0.2629375 0.8966298342541436 0.267265625 0.8806906077348067 0.2784375 0.8800552486187845 0.283484375 0.8959668508287292 0.296109375 0.904889502762431 0.299359375 0.899171270718232 0.31124999999999997 0.9112707182320442 0.319546875 0.9080939226519338 0.3253125 0.8883425414364641 0.32134375
0 0.9040331491712706 0.305140625 0.909364640883978 0.288046875 0.9164917127071822 0.277984375 0.920939226519337 0.267921875 0.9298342541436465 0.255359375 0.9360497237569061 0.24529687500000003 0.9422651933701658 0.23675000000000002 0.9618232044198896 0.23071875 0.9698342541436463 0.23121874999999997 0.9742817679558011 0.23926562499999998 0.9724861878453039 0.2473125 0.9680386740331491 0.256359375 0.9698342541436463 0.266421875 0.9645027624309391 0.28503124999999996 0.9645027624309391 0.303125 0.9680386740331491 0.316703125 0.9635911602209944 0.31770312500000003 0.9511602209944752 0.311671875 0.9422651933701658 0.3131875 0.9271546961325967 0.316703125 0.9298342541436465 0.32625000000000004 0.9280386740331491 0.327265625
0 0.1743646408839779 0.23321874999999997 0.1719060773480663 0.230796875 0.16455801104972376 0.230796875 0.1517403314917127 0.23875000000000002 0.14685082872928176 0.24567187499999998 0.14378453038674033 0.24982812499999998 0.1413259668508287 0.257078125 0.13950276243093923 0.2646875 0.13767955801104972 0.26953125 0.14011049723756905 0.27714062500000003 0.13828729281767957 0.285796875 0.15538674033149172 0.287515625 0.15906077348066297 0.277484375 0.1621270718232044 0.26573437499999997 0.1621270718232044 0.256390625 0.1621270718232044 0.24948437499999998 0.1676243093922652 0.240828125 0.1719060773480663 0.23529687500000002
0 0.3385635359116022 0.242140625 0.3301104972375691 0.24040625000000002 0.3285635359116022 0.23909375000000002 0.31624309392265193 0.242140625 0.31044198895027625 0.245640625 0.30544198895027624 0.24846875000000002 0.303121546961326 0.25370312500000003 0.29928176795580114 0.259359375 0.3027624309392265 0.2621875 0.3050552486187845 0.266109375 0.2946685082872928 0.266546875 0.2900276243093923 0.268734375 0.290414364640884 0.2698125 0.30198895027624306 0.2706875 0.32162983425414365 0.268296875 0.3339502762430939 0.2648125 0.3362707182320442 0.26349999999999996 0.3416574585635359 0.24279687499999997 0.3358839779005525 0.24171874999999998
0 0.10668508287292817 0.400078125 0.024696132596685082 0.420546875 0.000580110497237569 0.361875 0.002983425414364641 0.31821875 0.0488121546961326 0.352328125 0.0801657458563536 0.356421875
0 0.8943922651933701 0.27351562500000004 0.9010773480662984 0.26892187500000003 0.9034530386740331 0.267046875 0.9096408839779007 0.264890625 0.9144198895027624 0.2665 0.9167955801104972 0.268125 0.9187016574585635 0.27296875 0.9139226519337016 0.280515625 0.9034530386740331 0.296140625 0.9020165745856353 0.29748437499999997 0.8886740331491713 0.28698437499999996 0.8843922651933701 0.280515625 0.8872651933701657 0.277015625 0.8901104972375692 0.27378125
0 0.32933701657458564 0.330546875 0.22770718232044201 0.32928125 0.23223756906077347 0.313515625 0.23975138121546963 0.30798437500000003 0.2630939226519337 0.293515625 0.2864364640883978 0.286703125 0.2969613259668508 0.2824375 0.3097790055248619 0.27775 0.32104972375690605 0.275203125 0.3338674033149171 0.271796875 0.34138121546961325 0.270515625
