0 0.6615 0.6824882629107981 0.624578125 0.6808215962441314 0.624015625 0.6634507042253521 0.624578125 0.6253286384976525 0.6284375 0.5913849765258216 0.6345 0.5665258215962441 0.636140625 0.5615727699530516 0.6339375 0.5466666666666666 0.6339375 0.5309154929577464 0.64221875 0.5184976525821596 0.652140625 0.5193192488262911 0.653234375 0.5317605633802817 0.65434375 0.5574178403755868 0.6576562499999999 0.5623943661971831 0.659296875 0.5483098591549296 0.6615 0.5383802816901408 0.673078125 0.5416901408450704 0.679703125 0.5574178403755868 0.673640625 0.570680751173709 0.670875 0.5980046948356808 0.662609375 0.6236854460093897 0.66315625 0.6460563380281691 0.66315625 0.6592957746478874
0 0.6014999999999999 0.5390845070422535 0.6094375000000001 0.5289436619718311 0.607859375 0.5176056338028169 0.60825 0.5062676056338028 0.611421875 0.49791079812206573 0.61896875 0.49791079812206573 0.62453125 0.5074647887323944 0.62453125 0.5211737089201878 0.629296875 0.5223708920187794 0.63525 0.5164084507042254 0.640015625 0.5062676056338028 0.6431875 0.49732394366197186 0.6443749999999999 0.48361502347417845 0.6447812500000001 0.47645539906103285 0.6475625 0.4830046948356807 0.653109375 0.49434272300469484 0.6523125000000001 0.49732394366197186 0.6463593750000001 0.5134272300469483 0.6431875 0.5188028169014084 0.6388281250000001 0.5259624413145539 0.63525 0.5337089201877935 0.63365625 0.5444366197183099 0.63365625 0.5510093896713615 0.631671875 0.5510093896713615 0.6285000000000001 0.5450469483568076 0.628109375 0.5390845070422535 0.621359375 0.5426525821596244 0.619765625 0.546830985915493 0.61103125 0.5432394366197183 0.6074531249999999 0.5486150234741785 0.60546875 0.5510093896713615
0 0.32628124999999997 0.45856807511737085 0.32221875 0.4311267605633803 0.314109375 0.42274647887323946 0.32221875 0.40673708920187795 0.319171875 0.3884507042253521 0.33034375 0.3838732394366197 0.333890625 0.3945305164319249 0.333890625 0.41359154929577463 0.336421875 0.4212206572769953 0.336421875 0.4539906103286385 0.3288125 0.45779342723004696
0 0.566359375 0.5519718309859155 0.56421875 0.5275117370892018 0.569796875 0.5184976525821596 0.57621875 0.5146244131455399 0.574078125 0.5011032863849765 0.573640625 0.4927230046948357 0.5775 0.47856807511737093 0.585640625 0.47856807511737093 0.588640625 0.48758215962441315 0.5894999999999999 0.5030281690140845 0.58821875 0.5120422535211268 0.593359375 0.5107511737089202 0.59121875 0.4927230046948357 0.5929375 0.483075117370892 0.594640625 0.49596244131455397 0.599796875 0.5056103286384976 0.601078125 0.5255633802816901 0.601078125 0.5371596244131456 0.5894999999999999 0.5326525821596244 0.578359375 0.5410328638497652 0.577078125 0.5500469483568075 0.5689375 0.5513380281690141
0 0.6003125 0.6827699530516432 0.59975 0.6603990610328638 0.597546875 0.6463145539906103 0.5936874999999999 0.6305868544600939 0.5914843750000001 0.61981220657277 0.597 0.6123708920187794 0.600859375 0.6065727699530515 0.59975 0.5842018779342724 0.603609375 0.575093896713615 0.608578125 0.5709389671361502 0.61575 0.5759154929577465 0.619046875 0.5883333333333334 0.6218125 0.6007746478873239 0.619609375 0.6131924882629108 0.6245625 0.6272769953051643 0.6245625 0.6869014084507042 0.6019687499999999 0.6827699530516432
0 0.60609375 0.46079812206572773 0.5899375 0.46194835680751173 0.589171875 0.44 0.5914843750000001 0.42382629107981223 0.59071875 0.41342723004694837 0.5914843750000001 0.3995774647887324 0.5945625 0.38917840375586854 0.59609375 0.36953051643192486 0.605328125 0.37415492957746477 0.60609375 0.38802816901408455 0.610703125 0.40997652582159627 0.607625 0.431924882629108 0.6099375 0.4538732394366197
0 0.5755625 0.6849061032863849 0.57221875 0.6635680751173709 0.565546875 0.6484976525821596 0.571390625 0.6321830985915493 0.57640625 0.6221361502347417 0.5839218749999999 0.6233802816901408 0.590609375 0.6271596244131455 0.59478125 0.6459859154929577 0.599796875 0.6635680751173709 0.600640625 0.6811267605633804
0 0.638765625 0.3861267605633803 0.641765625 0.41194835680751174 0.6447812500000001 0.4054929577464789 0.6495 0.3938732394366197 0.64778125 0.37903755868544603 0.6430625 0.37516431924882626 0.63790625 0.37903755868544603 0.63746875 0.3848356807511737
0 0.5299375000000001 0.5787558685446009 0.533625 0.5699765258215963 0.5385625 0.563943661971831 0.537640625 0.5537793427230047 0.54040625 0.5380281690140845 0.542875 0.532018779342723 0.54440625 0.5250938967136151 0.5564218750000001 0.5283333333333333 0.5591875 0.5371126760563381 0.5604218750000001 0.5435915492957746 0.561046875 0.5528403755868544 0.5551875 0.5620892018779342 0.5515 0.569037558685446 0.552109375 0.5778403755868544 0.554875 0.5847652582159625 0.5515 0.5926291079812207 0.54625 0.6069718309859155 0.54503125 0.5954225352112676 0.541640625 0.5847652582159625
0 0.5394375 0.688755868544601 0.5472187500000001 0.6621830985915492 0.5458125 0.6441079812206573 0.547921875 0.6302816901408451 0.5606718749999999 0.6260328638497652 0.5642031249999999 0.6409154929577464 0.567734375 0.6536854460093897 0.5726875 0.6866197183098591
0 0.69234375 0.46323943661971834 0.6879375 0.4392018779342723 0.6835312499999999 0.43838028169014087 0.67746875 0.4209859154929578 0.6730625 0.40110328638497655 0.678015625 0.3928169014084507 0.68078125 0.37377934272300467 0.69234375 0.37708920187793427 0.693453125 0.39117370892018777 0.7006249999999999 0.41105633802816904 0.7017187500000001 0.4317605633802817 0.70228125 0.45826291079812204
0 0.49623437499999995 0.6877230046948357 0.4925 0.6676056338028169 0.49312500000000004 0.6418779342723004 0.48284374999999996 0.6133333333333333 0.48065625 0.602112676056338 0.475984375 0.6002347417840376 0.478484375 0.5824647887323944 0.48034375 0.5815258215962441 0.479421875 0.5735680751173708 0.48190625000000004 0.5749765258215962 0.486890625 0.5890140845070422 0.487515625 0.5871361502347417 0.485328125 0.5642253521126761 0.48845312500000004 0.5487793427230047 0.497484375 0.5436384976525822 0.51025 0.5553286384976526 0.5093125 0.5628169014084506 0.510875 0.5730985915492958 0.5105625 0.5796478873239437 0.511796875 0.5815258215962441 0.511796875 0.5923004694835681 0.5133593750000001 0.602112676056338 0.515234375 0.6180281690140844 0.51865625 0.6236384976525822 0.531421875 0.6666666666666666 0.5292343749999999 0.6736854460093897 0.5273749999999999 0.6877230046948357
0 0.610875 0.5498356807511737 0.60990625 0.5380985915492957 0.613484375 0.531737089201878 0.620328125 0.5312441314553991 0.624234375 0.5346713615023474 0.62815625 0.5380985915492957 0.6304375 0.5459389671361502 0.631734375 0.5513145539906104 0.6336875 0.552300469483568 0.634671875 0.5606103286384977 0.6291249999999999 0.5934272300469484 0.626515625 0.6110328638497653 0.6252187499999999 0.6262206572769953 0.624234375 0.6296478873239437 0.62 0.6218075117370891 0.6196875000000001 0.6130046948356808 0.62 0.6066431924882629 0.618703125 0.5983098591549295 0.617078125 0.5890140845070422 0.6154375 0.579225352112676 0.61153125 0.5728638497652582 0.60696875 0.5718779342723005 0.604359375 0.5591549295774647 0.60403125 0.5518075117370892 0.6046875 0.547887323943662 0.60696875 0.5469014084507042
