0 0.188546875 0.7177176470588235 0.1918125 0.7177176470588235 0.194171875 0.7195058823529412 0.19446875 0.7221882352941177 0.194171875 0.7248470588235294 0.194765625 0.7284235294117647 0.1950625 0.7293176470588235 0.197140625 0.7306588235294117 0.196546875 0.7315529411764706 0.1950625 0.7333411764705883 0.1950625 0.7373411764705883 0.1950625 0.7377882352941176 0.1950625 0.7377882352941176 0.19565625 0.7400235294117646 0.1950625 0.7453647058823529 0.194765625 0.7467058823529412 0.19329687499999998 0.7467058823529412 0.189734375 0.7476 0.18678125 0.7471529411764707 0.18559375 0.7471529411764707 0.185296875 0.7462588235294119 0.1861875 0.7444705882352941 0.1861875 0.7418117647058823 0.185296875 0.7400235294117646 0.184109375 0.7373411764705883 0.1838125 0.7342117647058825 0.18440625 0.7320000000000001 0.184703125 0.728870588235294 0.187078125 0.7284235294117647 0.187375 0.7252941176470589 0.18825 0.7230823529411765 0.188546875 0.7186117647058824 0.188546875 0.718164705882353
0 0.226765625 0.7469176470588236 0.226234375 0.7376941176470588 0.226375 0.7352941176470589 0.22809374999999998 0.7292705882352941 0.22917187499999997 0.7220705882352941 0.231296875 0.7200470588235294 0.232625 0.7242588235294117 0.2325 0.7310823529411764 0.2325 0.7330823529411765 0.2336875 0.7352941176470589 0.234765625 0.7380941176470588 0.23621875 0.7411058823529413 0.238359375 0.7429176470588236 0.239015625 0.7461176470588236 0.226765625 0.7479294117647058
0 0.363734375 0.7526588235294117 0.364140625 0.7492941176470588 0.365546875 0.7459529411764705 0.367578125 0.7441176470588236 0.36878125 0.7441176470588236 0.3708125 0.7499058823529411 0.3708125 0.7526588235294117 0.367578125 0.7526588235294117
0 0.588734375 0.7506823529411765 0.588875 0.7480470588235294 0.590046875 0.7443294117647058 0.592515625 0.7417176470588236 0.5935312500000001 0.7421411764705883 0.596734375 0.7434588235294118 0.5970156249999999 0.7471764705882353 0.596875 0.7526588235294117 0.588734375 0.7530823529411764
0 0.6021875 0.7480941176470588 0.605578125 0.734 0.6086875 0.7304705882352941 0.606609375 0.7230117647058822 0.61025 0.7187058823529412 0.6154531249999999 0.7222352941176471 0.6154531249999999 0.7308470588235294 0.6152031250000001 0.7316470588235294 0.617546875 0.736729411764706 0.617546875 0.7461411764705883 0.6152031250000001 0.7430117647058823 0.6112968750000001 0.741835294117647 0.607921875 0.7492705882352941
0 0.486765625 0.7465882352941177 0.48373437499999994 0.7523294117647059 0.47734375 0.7524470588235295 0.477125 0.7455294117647059 0.47796874999999994 0.7404941176470587 0.478984375 0.7376705882352941 0.479375 0.7342823529411765 0.4815625 0.7351058823529412 0.482953125 0.736729411764706 0.4835 0.7392000000000001 0.4850625 0.7412 0.48600000000000004 0.7430823529411765
0 0.44159375 0.7521882352941177 0.44196875 0.7486588235294118 0.44368749999999996 0.7462588235294119 0.44529687500000004 0.7455058823529411 0.44701562499999997 0.7455058823529411 0.44751562500000003 0.7471764705882353 0.449609375 0.7521882352941177 0.44948437500000005 0.7527529411764706
0 0.417171875 0.7441411764705882 0.41790625 0.7402352941176471 0.420890625 0.7410588235294118 0.421484375 0.7433176470588236 0.420390625 0.7476235294117647 0.421296875 0.7493176470588235 0.42176562500000003 0.7534823529411765 0.416140625 0.7545882352941177 0.41364062500000004 0.7526117647058824 0.41440625000000003 0.7501411764705882 0.415546875 0.7476235294117647 0.41576562499999997 0.7447529411764705
0 0.21934375 0.7213647058823529 0.21934375 0.7213647058823529 0.21417187499999998 0.7233882352941177 0.21121875 0.7321176470588234 0.20950000000000002 0.7369176470588236 0.2126875 0.7437882352941176 0.21392187499999998 0.7480470588235294 0.21392187499999998 0.7480470588235294 0.218109375 0.7497176470588235 0.22364062499999998 0.7469411764705882 0.222171875 0.7402588235294117 0.220453125 0.7313647058823529 0.22179687499999998 0.726729411764706 0.2208125 0.7230352941176471 0.2208125 0.7230352941176471
0 0.572765625 0.7586823529411765 0.5626875 0.7584941176470589 0.5630625 0.7474352941176471 0.5643125 0.7401411764705882 0.565796875 0.7380705882352941 0.56940625 0.7375058823529411 0.57078125 0.7399529411764706 0.57103125 0.7416470588235294
0 0.28581249999999997 0.7528235294117647 0.287625 0.7346352941176472 0.29125 0.7309882352941177 0.297296875 0.7337176470588235 0.299109375 0.7473647058823529
0 0.1119375 0.7524470588235295 0.11170312499999999 0.7395058823529412 0.114109375 0.7341411764705882 0.11571875000000001 0.7275764705882354 0.11640625 0.7241176470588235 0.12121875 0.7239529411764706 0.12121875 0.732235294117647 0.120875 0.7519294117647058 0.11273437500000001 0.7524470588235295
0 0.10428124999999999 0.7381176470588235 0.10428124999999999 0.7344941176470589 0.10470312500000001 0.7321176470588234 0.10470312500000001 0.7299764705882353 0.10071875 0.7284941176470588 0.099734375 0.7291294117647059 0.09929687499999999 0.7321176470588234 0.099734375 0.737270588235294 0.10015624999999999 0.7396235294117647 0.099734375 0.741764705882353 0.098734375 0.7456235294117647 0.0983125 0.7501176470588236 0.0983125 0.7516235294117647 0.09915625 0.7531294117647058 0.10171875 0.7531294117647058 0.10968750000000001 0.7516235294117647 0.107265625 0.7464705882352941 0.10428124999999999 0.7404705882352941 0.10428124999999999 0.736635294117647
