0 0.833609375 0.39325526932084304 0.835109375 0.3910070257611241 0.8366093749999999 0.4089929742388759 0.8366093749999999 0.4157377049180328 0.839609375 0.4157377049180328 0.8411093749999999 0.43819672131147547 0.8381093749999999 0.4404449648711944 0.833609375 0.44269320843091337 0.8306093750000001 0.44718969555035126 0.8605937499999999 0.44718969555035126 0.86509375 0.4404449648711944 0.8680937500000001 0.44494145199063234 0.86509375 0.47192037470725995 0.86509375 0.4876346604215457 0.86509375 0.49662763466042154 0.86509375 0.5011241217798594 0.8695937499999999 0.5101170960187353 0.8815937500000001 0.5236065573770492 0.8815937500000001 0.5393208430913349 0.8815937500000001 0.5393208430913349 0.8830937499999999 0.5505620608899298 0.87859375 0.5685480093676816 0.87559375 0.5797658079625293 0.8740937499999999 0.5842622950819671 0.87109375 0.5887587822014052 0.86209375 0.6202341920374707 0.8515937499999999 0.7460655737704918 0.842609375 0.7955035128805621 0.8366093749999999 0.869672131147541 0.8366093749999999 0.8741686182669789 0.8366093749999999 0.8741686182669789 0.8366093749999999 0.8763934426229509 0.8366093749999999 0.8763934426229509 0.8366093749999999 0.8786416861826698 0.8216093750000001 0.8629274004683841 0.8171250000000001 0.8584309133489462 0.8171250000000001 0.8381967213114755 0.802125 0.7056206088992975 0.803625 0.662927400468384 0.797625 0.6471896955503513 0.791625 0.6606791569086652 0.784125 0.669672131147541 0.7796406250000001 0.6516861826697892 0.7796406250000001 0.5123653395784543 0.784125 0.5011241217798594 0.799125 0.48538641686182665 0.790125 0.4876346604215457 0.7931250000000001 0.4763934426229508 0.803625 0.469672131147541 0.8216093750000001 0.46292740046838404 0.8231093749999999 0.45618266978922717 0.812625 0.43370023419203746 0.814125 0.40674473067915695 0.820109375 0.38651053864168616
0 0.526359375 0.4181498829039813 0.5314375 0.40442622950819673 0.533484375 0.3929976580796253 0.535515625 0.39147540983606555 0.539078125 0.392248243559719 0.542125 0.41510538641686184 0.542125 0.41510538641686184
0 0.470328125 0.4207259953161593 0.47359375000000004 0.4103747072599531 0.47584375 0.4026229508196721 0.4761875 0.3982201405152225 0.47912499999999997 0.3943559718969555 0.482734375 0.3935831381733021 0.48653124999999997 0.3982201405152225 0.485671875 0.4054566744730679 0.486015625 0.41320843091334897 0.4848125 0.41580796252927404 0.48687500000000006 0.42098360655737704 0.48653124999999997 0.4214988290398126
0 0.4145 0.40709601873536305 0.41478125 0.3999531615925059 0.41703124999999996 0.39850117096018733 0.41968750000000005 0.3991100702576112 0.42220312499999996 0.4010070257611241 0.422765625 0.4056206088992974 0.42290625000000004 0.40878220140515226 0.42346874999999995 0.41213114754098357 0.42557812500000003 0.4138173302107728 0.42696875 0.41927400468384074 0.426 0.4240983606557377 0.414640625 0.42346604215456674 0.40904687500000003 0.42451990632318504 0.40975 0.41906323185011707 0.411140625 0.41487119437939113 0.4126875 0.40878220140515226 0.414359375 0.4079391100702576 0.414359375 0.40353629976580796
0 0.370046875 0.41639344262295086 0.3734375 0.40428571428571425 0.375515625 0.3988056206088993 0.376046875 0.3855035128805621 0.3796875 0.3843325526932085 0.383078125 0.3894145199063232 0.38621875 0.3980327868852459 0.38778125 0.4007494145199063 0.3888125 0.4210772833723654 0.37107812500000004 0.41522248243559723
0 0.43051562499999996 0.42044496487119437 0.435828125 0.4138173302107728 0.43759375 0.4111709601873536 0.436046875 0.40487119437939106 0.436703125 0.39655737704918037 0.43981250000000005 0.392248243559719 0.443796875 0.3952459016393443 0.44334375000000004 0.41812646370023415 0.44246875 0.4244262295081967
0 0.52521875 0.4079156908665105 0.5135 0.4142388758782201 0.50271875 0.41985948477751756 0.50459375 0.3966744730679157 0.511625 0.38470725995316163 0.5158437499999999 0.39948477751756445 0.527578125 0.40370023419203743
0 0.5483125 0.4100936768149883 0.551453125 0.40695550351288057 0.553015625 0.40304449648711943 0.55196875 0.39873536299765805 0.551453125 0.39442622950819667 0.5540625 0.39128805620608903 0.5564218750000001 0.3901170960187354 0.555890625 0.4183138173302108 0.549625 0.41908665105386417 0.547265625 0.4167447306791569
0 0.522578125 0.40070257611241217 0.524328125 0.3992740046838408 0.52575 0.39215456674473065 0.528609375 0.39072599531615926 0.532421875 0.3938173302107728 0.532109375 0.40046838407494145 0.528453125 0.4047540983606558 0.52559375 0.41950819672131145 0.5152812499999999 0.42140515222482433 0.51496875 0.41355971896955507 0.516875 0.403559718969555
0 0.42257812499999997 0.4036065573770492 0.42146875 0.3980327868852459 0.422828125 0.39414519906323187 0.42642187500000006 0.3935831381733021 0.429375 0.3950819672131147 0.430125 0.4004449648711944 0.432109375 0.4065573770491803 0.434078125 0.4117564402810304 0.43420312499999997 0.4176814988290398 0.430859375 0.423231850117096 0.42642187500000006 0.423231850117096 0.42703125000000003 0.41824355971896954 0.42554687500000005 0.4137939110070258 0.42357812499999997 0.4115690866510539 0.423203125 0.40840749414519906
0 0.472625 0.4117330210772834 0.46871875 0.4097189695550351 0.46693749999999995 0.40372365339578453 0.46728125 0.3940281030444965 0.467953125 0.39252927400468385 0.47251562500000005 0.39220140515222485 0.47562499999999996 0.3898594847775176 0.478078125 0.39353629976580795 0.478640625 0.3953629976580796 0.47651562500000005 0.39854800936768153 0.476078125 0.40437939110070253
