0 0.5220625 0.4060421545667447 0.53340625 0.3954098360655738 0.532265625 0.3830913348946136 0.5319843750000001 0.3771428571428571 0.535953125 0.36822014051522245 0.54134375 0.36482435597189694 0.544171875 0.36695550351288053 0.550125 0.3733255269320843 0.54871875 0.3801170960187354 0.55040625 0.39414519906323187 0.547015625 0.40306791569086653 0.548140625 0.4073067915690866 0.544171875 0.4293911007025761 0.50846875 0.431943793911007
0 0.49246875 0.3940515222482435 0.49157812500000003 0.3989461358313817 0.49217187500000004 0.4029274004683841 0.49128125 0.4038173302107729 0.48890625 0.4082669789227167 0.48949999999999994 0.4082669789227167 0.49928125 0.40737704918032785 0.503421875 0.405152224824356 0.50490625 0.40117096018735365 0.504609375 0.3993911007025761 0.5043124999999999 0.39274004683840746
0 0.464359375 0.4286416861826698 0.4671875 0.42096018735363 0.471171875 0.4154332552693208 0.47259375 0.4111709601873536 0.47231249999999997 0.4030913348946136 0.47231249999999997 0.39159250585480093 0.472875 0.38819672131147537 0.476 0.3856206088992974 0.48565625 0.3856206088992974 0.489640625 0.3903044496487119 0.489640625 0.39159250585480093 0.489640625 0.39669789227166274 0.489640625 0.39798594847775176 0.489640625 0.4048009367681499 0.48764062499999994 0.4099063231850117 0.485375 0.4154332552693208 0.48423437500000005 0.42140515222482433 0.48054687500000004 0.4273536299765808 0.47543749999999996 0.42948477751756436 0.4671875 0.4307728337236534 0.46492187500000004 0.4311943793911007
0 0.863453125 0.4022248243559719 0.8686718750000001 0.39325526932084304 0.8666874999999999 0.3872833723653396 0.8666874999999999 0.3749882903981265 0.871921875 0.3626697892271663 0.881625 0.3626697892271663 0.8848593749999999 0.3697658079625292 0.879875 0.3936299765807963 0.876140625 0.4055737704918033 0.861453125 0.40407494145199063
0 0.171390625 0.6224590163934427 0.177375 0.6076580796252928 0.18001562499999998 0.6014051522248244 0.1866875 0.6003512880562062 0.18390625 0.5947306791569087 0.1829375 0.590983606557377 0.181546875 0.5884777517564402 0.1841875 0.5807728337236534 0.18765625 0.578056206088993 0.19253125 0.5788992974238876 0.189609375 0.6297423887587822 0.186 0.6297423887587822 0.1694375 0.6274473067915691 0.15678125 0.6280796252927401 0.155671875 0.6226697892271663 0.15678125 0.6182903981264637 0.161515625 0.6205854800936769 0.1619375 0.6234894613583138 0.170421875 0.6226697892271663
0 0.41021875 0.4137704918032787 0.416828125 0.40918032786885244 0.42446875000000006 0.4099531615925059 0.428015625 0.4107259953161592 0.428015625 0.4183372365339578 0.42242187500000006 0.43053864168618267 0.42192187499999995 0.4351053864168618 0.418359375 0.43814988290398127 0.409203125 0.439672131147541 0.40818750000000004 0.431288056206089 0.408703125 0.42519906323185014
0 0.92346875 0.4001639344262295 0.928296875 0.4001639344262295 0.928984375 0.39704918032786884 0.9306093750000001 0.39290398126463705 0.9287656249999999 0.3859953161592506 0.928984375 0.3846370023419204 0.93221875 0.37772833723653393 0.9340624999999999 0.37564402810304454 0.936125 0.3770257611241218 0.9372812500000001 0.37807962529274003 0.94165625 0.37737704918032783 0.94165625 0.37426229508196723 0.9398125 0.3697892271662764 0.9407343750000001 0.3622014051522248 0.9411875000000001 0.3549414519906323 0.94096875 0.34943793911007026 0.940046875 0.3466744730679157 0.9398125 0.34217798594847776 0.9370468750000001 0.33873536299765805 0.935671875 0.3352927400468384 0.9213906250000001 0.3846370023419204 0.922078125 0.38807962529274004 0.92346875 0.39255269320843095 0.923234375 0.39669789227166274 0.92346875 0.4001639344262295
0 0.44957812500000005 0.4330679156908665 0.44990625 0.43096018735363 0.44948437500000005 0.42817330210772836 0.44948437500000005 0.4254098360655738 0.45099999999999996 0.4240983606557377 0.45209374999999996 0.42360655737704916 0.45317187499999995 0.4218266978922717 0.4539375 0.4195316159250585 0.45503125000000005 0.41805620608899297 0.461234375 0.41805620608899297 0.46254687499999997 0.4214988290398126 0.461890625 0.42573770491803276 0.46221875 0.4298126463700234 0.462984375 0.4327400468384075 0.461890625 0.43339578454332556
0 0.621046875 0.39243559718969556 0.624734375 0.38967213114754096 0.6284375 0.39002341920374706 0.632125 0.39278688524590166 0.63396875 0.3962295081967213 0.6217343750000001 0.3979625292740047
0 0.2463125 0.4093208430913349 0.24609375 0.39355971896955505 0.2463125 0.3885245901639344 0.249671875 0.38114754098360654 0.2528125 0.37644028103044497 0.25370312500000003 0.3710772833723653 0.2570625 0.3653864168618267 0.26042187499999997 0.3637002341920375 0.262875 0.3637002341920375 0.26578124999999997 0.3657142857142857 0.266453125 0.3690632318501171 0.26690625 0.3744262295081967 0.26623437499999997 0.37946135831381733 0.264671875 0.38281030444964875 0.264 0.38482435597189696 0.267125 0.3928805620608899 0.267796875 0.3965807962529274 0.267578125 0.4056206088992974 0.267796875 0.40997658079625293
0 0.95103125 0.35911007025761127 0.956453125 0.36362997658079627 0.9579531250000001 0.37355971896955503 0.9540468750000001 0.3812412177985948 0.9543437499999999 0.39840749414519905 0.941078125 0.3992974238875878 0.94078125 0.38484777517564406
0 0.463421875 0.41067915690866513 0.470796875 0.4113348946135831 0.47231249999999997 0.40451990632318496 0.47143750000000006 0.39672131147540984 0.46451562500000004 0.39477751756440277 0.46148437500000006 0.3996487119437939 0.46039062499999994 0.40775175644028105
0 0.32003125 0.43437939110070256 0.32203125 0.42901639344262293 0.33278125 0.42833723653395783 0.33278125 0.43337236533957846
