0 0.8588906250000001 0.14927083333333335 0.8593437500000001 0.14504166666666668 0.8620625000000001 0.14485416666666667 0.8623593749999999 0.15129166666666669 0.8676406249999999 0.15491666666666667 0.8676406249999999 0.1553125 0.864171875 0.1589375 0.86371875 0.16035416666666666 0.862515625 0.15995833333333334 0.858578125 0.15591666666666668 0.858125 0.15633333333333335 0.855265625 0.15470833333333334 0.8514843750000001 0.1553125 0.853140625 0.1518958333333333 0.8582812499999999 0.15047916666666666
0 0.8813124999999999 0.14729166666666668 0.88121875 0.14337499999999997 0.8813124999999999 0.1405625 0.882765625 0.13910416666666667 0.88359375 0.13872916666666668 0.883421875 0.13616666666666666 0.8835000000000001 0.13408333333333333 0.88396875 0.132625 0.8844218749999999 0.13225 0.88534375 0.132375 0.88671875 0.13275 0.8876406250000001 0.13322916666666668 0.8881875000000001 0.13433333333333333 0.88809375 0.13629166666666667 0.88809375 0.13702083333333331 0.8890156250000001 0.13872916666666668 0.890296875 0.13983333333333334 0.8905625 0.1405625 0.89075 0.14154166666666665 0.8910312499999999 0.14264583333333333 0.891578125 0.14337499999999997 0.893140625 0.143625 0.893953125 0.143625 0.89478125 0.14472916666666666 0.8950625000000001 0.14583333333333334 0.8992812499999999 0.1449791666666667 0.901390625 0.14510416666666667 0.90203125 0.14510416666666667 0.902484375 0.14729166666666668 0.902484375 0.14827083333333332 0.9008437499999999 0.149 0.892953125 0.14814583333333334 0.8940468750000001 0.14975 0.8908437499999999 0.14950000000000002 0.88946875 0.1486458333333333 0.8852499999999999 0.1486458333333333 0.885890625 0.15035416666666668 0.88378125 0.14997916666666666 0.8826875 0.149375
0 0.6185937499999999 0.10910416666666665 0.6195468749999999 0.10741666666666667 0.621875 0.10833333333333334 0.623140625 0.11027083333333333 0.623140625 0.112125 0.6269218750000001 0.11758333333333333 0.626859375 0.11835416666666668 0.6252187499999999 0.11910416666666666 0.6194843750000001 0.11783333333333333 0.6193593749999999 0.1145625 0.61871875 0.11364583333333332 0.61803125 0.11068750000000001 0.61803125 0.10927083333333334
0 0.5786718750000001 0.1200625 0.57509375 0.11989583333333333 0.574578125 0.11564583333333332 0.57240625 0.11564583333333332 0.571515625 0.119375 0.56921875 0.119375 0.5685781249999999 0.11835416666666668 0.569984375 0.11614583333333334 0.5705 0.11325 0.57190625 0.11222916666666666 0.5739375 0.10985416666666666 0.574578125 0.10560416666666667 0.57496875 0.10372916666666666 0.57803125 0.10389583333333333 0.5785312499999999 0.10627083333333333 0.5786718750000001 0.10933333333333332 0.581859375 0.110875 0.583890625 0.11222916666666666 0.584796875 0.11512499999999999 0.584921875 0.11887500000000001 0.5837656250000001 0.12056249999999999 0.5825 0.11954166666666667 0.582109375 0.11733333333333333 0.58109375 0.11597916666666667 0.580578125 0.11564583333333332 0.580578125 0.11972916666666666
0 0.383109375 0.11712499999999999 0.38175 0.11683333333333333 0.381109375 0.11616666666666667 0.379328125 0.11664583333333334 0.37740625 0.11672916666666668 0.376203125 0.1160625 0.376125 0.1156875 0.37890625 0.11454166666666667 0.379828125 0.11341666666666667 0.38082812499999996 0.11227083333333333 0.38082812499999996 0.111125 0.38046875 0.10875 0.381609375 0.10779166666666667 0.38325 0.10845833333333334 0.3836875 0.11074999999999999 0.38446875 0.11189583333333333 0.386171875 0.11283333333333333 0.387609375 0.11322916666666667 0.387671875 0.11454166666666667 0.38803125 0.11627083333333334 0.3868125 0.11672916666666668 0.385671875 0.11539583333333334 0.38446875 0.11627083333333334
0 0.65721875 0.13974999999999999 0.65721875 0.13783333333333334 0.657515625 0.13618750000000002 0.6594218749999999 0.1358125 0.661046875 0.1366875 0.660859375 0.14039583333333333 0.66353125 0.14229166666666665 0.66353125 0.1434375 0.66209375 0.14433333333333334 0.6545468750000001 0.14383333333333334 0.6553125 0.14216666666666666
0 0.464546875 0.7856458333333334 0.46985937499999997 0.8267708333333333 0.4730625 0.8686041666666667 0.47571874999999997 0.8962708333333332 0.4815625 0.9033541666666667 0.467203125 0.9083125 0.46401562500000004 0.8593958333333334 0.45178124999999997 0.8969791666666667 0.46029687499999994 0.9068958333333333 0.44381250000000005 0.9019375000000001 0.4480625 0.8445 0.43742187499999996 0.8374166666666666 0.444875 0.7884791666666667 0.45071874999999995 0.7721874999999999 0.4523125 0.7579999999999999 0.46029687499999994 0.7572916666666667 0.46985937499999997 0.7665000000000001 0.466671875 0.7785624999999999
0 0.461921875 0.7573958333333334 0.46915625 0.7655416666666667 0.46382812500000004 0.7863749999999999 0.47068750000000004 0.8321458333333334 0.47259375 0.8717916666666666 0.48365625 0.854 0.477546875 0.8336666666666667 0.48250000000000004 0.824 0.48975 0.8245208333333333 0.49204687500000005 0.8184166666666666 0.48250000000000004 0.8117916666666667 0.47868750000000004 0.7985833333333333 0.47487500000000005 0.7741875 0.48250000000000004 0.7609583333333333 0.47831250000000003 0.7502916666666667 0.47335937499999997 0.7457083333333333 0.4665 0.74775 0.46420312499999994 0.7518125
0 0.641015625 0.12154166666666667 0.6441250000000001 0.12022916666666666 0.645109375 0.11870833333333333 0.6477968749999999 0.11795833333333333 0.6477968749999999 0.11437499999999999 0.6490781250000001 0.11343750000000001 0.6500625 0.11418750000000001 0.650625 0.11627083333333334 0.6524687499999999 0.11739583333333334 0.654734375 0.11985416666666666 0.650484375 0.12116666666666666 0.650625 0.12191666666666667 0.65190625 0.1234375 0.65034375 0.12475 0.647515625 0.12247916666666667 0.644546875 0.1238125 0.6435625 0.12587500000000001 0.640734375 0.12587500000000001 0.641296875 0.1234375
0 0.80134375 0.12162500000000001 0.8020468749999999 0.11277083333333333 0.804484375 0.1104375 0.804484375 0.10533333333333333 0.80659375 0.10416666666666667 0.809203125 0.10647916666666667 0.80815625 0.11160416666666667 0.8114687500000001 0.12022916666666666
0 0.39921875 0.21979166666666666 0.399765625 0.21616666666666667 0.40031249999999996 0.2145 0.40012499999999995 0.21281250000000002 0.40084375000000005 0.2094375 0.40337500000000004 0.21064583333333334 0.40390625 0.21256250000000002 0.40464062500000003 0.21425 0.40571875 0.2159375 0.40553125 0.2205 0.403015625 0.22339583333333335 0.40031249999999996 0.22508333333333336 0.39921875 0.22339583333333335
