0 0.21468384074941452 0.625421875 0.21852459016393444 0.62421875 0.22105386416861827 0.62325 0.21997658079625293 0.621015625 0.22056206088992975 0.616671875 0.21803278688524588 0.614265625 0.2150351288056206 0.614421875 0.21346604215456677 0.616109375 0.213231850117096 0.6189218750000001 0.214192037470726 0.620609375 0.21201405152224825 0.62165625 0.21227166276346604 0.6229375 0.2135831381733021 0.624546875
0 0.41114754098360656 0.60746875 0.41114754098360656 0.60746875 0.4105152224824356 0.596828125 0.4105152224824356 0.583625 0.40859484777517563 0.5823437499999999 0.40859484777517563 0.5823437499999999 0.40733021077283377 0.5955468749999999 0.4060421545667447 0.5759531250000001 0.4130679156908665 0.5742499999999999 0.4137002341920375 0.570421875 0.41817330210772835 0.5700000000000001 0.4188056206088993 0.575109375 0.4188056206088993 0.575109375 0.428384074941452 0.5810625 0.42964871194379395 0.5904375 0.4226463700234192 0.59809375 0.4226463700234192 0.59809375 0.42199063231850115 0.609171875 0.4117798594847775 0.6083125
0 0.46252927400468385 0.632796875 0.46252927400468385 0.626078125 0.46138173302107727 0.61909375 0.45943793911007025 0.61159375 0.45943793911007025 0.6066874999999999 0.4617564402810304 0.6017812499999999 0.4637002341920375 0.596609375 0.46990632318501174 0.596609375 0.4702810304449649 0.60075 0.47648711943793914 0.604625 0.4772599531615925 0.61625 0.4799765807962529 0.619609375 0.4768618266978923 0.6198750000000001 0.4741451990632319 0.614703125 0.4675644028103045 0.614703125 0.4683372365339578 0.6211562500000001 0.47648711943793914 0.622203125 0.4768618266978923 0.633578125 0.4644730679156909 0.633578125
0 0.5127166276346604 0.554890625 0.5131147540983606 0.5673125 0.5200468384074941 0.5689062500000001 0.5255971896955504 0.56784375 0.5255971896955504 0.5615 0.5172833723653396 0.556078125 0.5129274004683841 0.55515625
0 0.2769086651053864 0.6014062499999999 0.28088992974238874 0.602078125 0.28070257611241217 0.6055312500000001 0.2884777517564403 0.606453125 0.29065573770491804 0.612171875 0.2916627634660422 0.62253125 0.28927400468384074 0.624 0.28608899297423884 0.6213437500000001 0.28688524590163933 0.638078125 0.2864871194379391 0.640734375 0.2804918032786885 0.640203125 0.2804918032786885 0.628375 0.278711943793911 0.628375 0.27730679156908666 0.64140625 0.2737236533957845 0.6394062500000001 0.2723419203747073 0.625328125 0.274192037470726 0.6151093750000001 0.27170960187353627 0.6160625 0.27170960187353627 0.6253437500000001 0.26707259953161594 0.624390625 0.267423887587822 0.6125 0.27170960187353627 0.6072656249999999 0.27526932084309136 0.60203125
0 0.6026697892271662 0.561328125 0.6046604215456675 0.554703125 0.6046604215456675 0.550390625 0.6036533957845434 0.546078125 0.6016627634660422 0.541765625 0.6011709601873536 0.538109375 0.6031615925058549 0.5327968750000001 0.606135831381733 0.531140625 0.606135831381733 0.527828125 0.6091334894613584 0.52584375 0.6140983606557378 0.527828125 0.6145901639344262 0.528484375 0.6160889929742389 0.5298125 0.6180796252927401 0.5308125 0.6210538641686183 0.5357968750000001 0.6195784543325527 0.5407656249999999 0.6185714285714285 0.543421875 0.617072599531616 0.547734375 0.617072599531616 0.552375 0.617072599531616 0.558671875 0.6140983606557378 0.561328125 0.6136065573770492 0.5583437499999999 0.6106088992974239 0.551375 0.6096252927400468 0.56365625 0.6076346604215456 0.563984375
0 0.31046838407494143 0.67496875 0.3128571428571429 0.66190625 0.3092974238875878 0.649625 0.31166276346604216 0.6460625 0.3176112412177986 0.644078125 0.3199765807962529 0.640125 0.323536299765808 0.63971875 0.3282903981264637 0.6413125 0.3277049180327869 0.6444687499999999 0.3288758782201405 0.6484375 0.33423887587822015 0.655171875 0.32651053864168617 0.6555625 0.3282903981264637 0.675765625 0.3282903981264637 0.679734375 0.32592505854800935 0.679734375 0.323536299765808 0.668640625 0.3199765807962529 0.66903125 0.3164168618266979 0.676171875 0.3122716627634661 0.679328125 0.31046838407494143 0.6789375
0 0.3394847775175644 0.675265625 0.3391803278688525 0.67325 0.3346135831381733 0.6697968750000001 0.33430913348946134 0.6649375 0.3358313817330211 0.659875 0.3382669789227166 0.65540625 0.34070257611241217 0.65359375 0.34070257611241217 0.6499375 0.34070257611241217 0.646296875 0.34463700234192035 0.64528125 0.3470725995316159 0.646296875 0.3473770491803279 0.65115625 0.3488992974238876 0.655015625 0.35466042154566746 0.6584531250000001 0.35374707259953164 0.6625 0.35252927400468387 0.667578125 0.3476814988290398 0.6691874999999999 0.3440281030444965 0.671828125 0.3437236533957846 0.676078125 0.3403981264637002 0.6770937499999999
0 0.5466042154566745 0.590375 0.5454332552693208 0.58175 0.5411241217798595 0.5775625 0.5387587822014052 0.5637187499999999 0.5387587822014052 0.55640625 0.5391569086651053 0.551953125 0.5434660421545667 0.549859375 0.5477751756440281 0.5506562500000001 0.5509133489461359 0.55378125 0.5540281030444965 0.555609375 0.5587353629976581 0.5600625 0.5611007025761124 0.572078125 0.5548243559718969 0.5822812500000001 0.5528571428571428 0.5919375
0 0.24416861826697894 0.5920468750000001 0.25030444964871196 0.5920468750000001 0.25177985948477755 0.594203125 0.2508899297423888 0.5963437500000001 0.2579156908665105 0.5996718750000001 0.2585011709601873 0.602796875 0.2576346604215457 0.60865625 0.2526463700234192 0.609828125 0.2541217798594848 0.6152968750000001 0.25030444964871196 0.6154843750000001 0.2491334894613583 0.6197812500000001 0.24475409836065576 0.619984375 0.2465105386416862 0.6152968750000001 0.24386416861826696 0.6133437500000001 0.24358313817330213 0.606890625 0.24269320843091333 0.6018125000000001 0.24269320843091333 0.5977187500000001 0.24327868852459014 0.595171875
0 0.5053395784543325 0.7658750000000001 0.5029976580796253 0.749921875 0.5018266978922716 0.74653125 0.5037704918032787 0.7441718749999999 0.5041686182669789 0.742875 0.5053395784543325 0.738953125 0.5069086651053863 0.7358125 0.5092505854800936 0.733984375 0.5104449648711944 0.733203125 0.5108196721311475 0.729796875 0.5131850117096018 0.727453125 0.5159250585480094 0.7271875 0.5202341920374707 0.72875 0.5210070257611241 0.7305937499999999 0.5194379391100703 0.73503125 0.5202341920374707 0.73634375 0.5206088992974239 0.7376406249999999 0.5206088992974239 0.73946875 0.5229742388758782 0.740515625 0.526112412177986 0.7407812500000001 0.5245433255269321 0.743125 0.5214051522248243 0.744953125 0.51903981264637 0.75540625 0.5178688524590164 0.761953125 0.5178688524590164 0.764828125 0.5174941451990632 0.7671718750000001 0.511615925058548 0.768484375 0.5057377049180327 0.768484375
0 0.5821077283372366 0.914 0.5874004683840749 0.9130156250000001 0.5882669789227166 0.915953125 0.5882669789227166 0.91771875 0.5885714285714285 0.921453125 0.5909133489461358 0.921453125 0.5959250585480094 0.9253750000000001 0.600023419203747 0.931640625 0.6006088992974239 0.93634375 0.5965105386416862 0.94203125 0.593864168618267 0.94340625 0.5956206088992975 0.950859375 0.5941451990632318 0.9532187499999999 0.5935597189695551 0.96125 0.5944496487119438 0.966359375 0.5947306791569087 0.968515625 0.5906323185011709 0.9689062500000001 0.5868149882903981 0.9683125 0.5865105386416862 0.9524374999999999 0.5865105386416862 0.9514531249999999 0.5823887587822014 0.9479218749999999 0.5800468384074942 0.950859375 0.580632318501171 0.9545937500000001 0.583864168618267 0.961640625 0.584168618266979 0.9655625000000001 0.584168618266979 0.9692968750000001 0.577096018735363 0.9694843750000001 0.5753395784543325 0.9683125 0.5750585480093677 0.9655625000000001 0.5782903981264638 0.9640000000000001 0.5756440281030445 0.9530156249999999 0.5756440281030445 0.950859375 0.5756440281030445 0.94890625 0.5726932084309133 0.947328125 0.5724121779859485 0.9430156249999999 0.5691803278688524 0.9457656249999999 0.5682903981264636 0.9461562499999999 0.5679859484777517 0.94184375 0.5679859484777517 0.938109375 0.5718266978922716 0.933609375 0.5726932084309133 0.930265625 0.5756440281030445 0.92321875 0.5788758782201405 0.9218437500000001 0.5788758782201405 0.915765625 0.5803512880562061 0.9141875 0.5844496487119438 0.912625
0 0.6496721311475411 0.95053125 0.6464637002341921 0.9561093749999999 0.6461358313817329 0.959546875 0.6455035128805621 0.9634218750000001 0.642271662763466 0.9666406249999999 0.645807962529274 0.9666406249999999 0.6519203747072599 0.96428125 0.659344262295082 0.95740625 0.656768149882904 0.956328125 0.653536299765808 0.9544062500000001
