0 0.6151 0.9382798165137614 0.61162 0.9444724770642202 0.60776 0.9519954128440367 0.60814 0.9559862385321101 0.6131599999999999 0.9573165137614679 0.6131599999999999 0.9604128440366972 0.6093 0.9794495412844038 0.60776 0.9936238532110092 0.61046 0.9998394495412845 0.61742 0.9989449541284404 0.6220399999999999 0.9967201834862385 0.62436 0.9905275229357798 0.629 0.994954128440367 0.63286 0.9936238532110092 0.6309400000000001 0.9812385321100917 0.62514 0.9670642201834863 0.6232000000000001 0.9604128440366972 0.6232000000000001 0.9440366972477064 0.6266799999999999 0.9320642201834862 0.6320800000000001 0.9165825688073395 0.6313200000000001 0.912591743119266 0.6266799999999999 0.9068348623853211 0.62552 0.8961926605504588 0.61356 0.9015137614678899 0.6131599999999999 0.9130275229357798 0.6131599999999999 0.9223394495412843 0.61162 0.9356192660550459 0.61124 0.9387155963302751
0 0.559 0.9602064220183486 0.5585399999999999 0.9445642201834862 0.5604199999999999 0.9386009174311927 0.5644199999999999 0.9361926605504587 0.57148 0.9345642201834863 0.57148 0.9342889908256882 0.57078 0.9310550458715596 0.5684199999999999 0.9275458715596331 0.56796 0.9240366972477064 0.56914 0.9205275229357799 0.57102 0.9143119266055045 0.57384 0.9099770642201835 0.57784 0.9099770642201835 0.58186 0.9113302752293577 0.5844400000000001 0.9172706422018349 0.58562 0.9207798165137614 0.5844400000000001 0.9267201834862385 0.5844400000000001 0.9305045871559633 0.58774 0.9321330275229358 0.59056 0.9329357798165138 0.59338 0.9442889908256881 0.59348 0.9605045871559632 0.59074 0.9648165137614679 0.58936 0.9714908256880734 0.5842200000000001 0.9813073394495413 0.57738 0.9903440366972478 0.5671 0.9993807339449542 0.56438 0.9985779816513761 0.56164 0.9919036697247707 0.56848 0.9805275229357798 0.5674600000000001 0.9663990825688074 0.5626599999999999 0.970711009174312 0.56232 0.970711009174312 0.5582 0.9648165137614679 0.55924 0.9601146788990826
0 0.022940000000000002 1.0 0.028820000000000002 0.9576605504587157 0.030780000000000002 0.9194724770642202 0.05038 0.8947477064220184 0.08984 0.8967889908256881 0.0958 0.9094954128440368 0.10092 0.9310091743119266 0.10604000000000001 0.952545871559633 0.10092 0.9789449541284404 0.09752 0.9906880733944954 0.09495999999999999 0.9994954128440366
0 0.7499199999999999 0.948211009174312 0.75334 0.9394036697247706 0.75334 0.9276834862385321 0.7593 0.9139908256880734 0.76016 0.9032339449541285 0.7678400000000001 0.9081192660550459 0.76698 0.9227752293577981 0.76698 0.9306192660550459 0.76698 0.9384403669724771 0.76186 0.9540825688073394 0.76016 0.9589678899082569 0.75078 0.9589678899082569 0.75162 0.948211009174312
0 0.62438 0.9678899082568807 0.62246 0.9568807339449541 0.6263 0.9313302752293579 0.63282 0.9128211009174312 0.6432 0.9088532110091743 0.64358 0.8956422018348624 0.65204 0.8894724770642202 0.65358 0.8987155963302752 0.64974 0.9220642201834862 0.65588 0.932637614678899 0.64666 0.9546788990825689 0.63282 0.9784862385321101
0 0.77064 0.9945183486238532 0.77536 0.9719954128440368 0.78164 0.9621100917431193 0.7887000000000001 0.9549082568807339 0.79576 0.9513073394495413 0.79968 0.9468119266055046 0.80204 0.9297018348623853 0.8044 0.9207110091743119 0.80832 0.9080963302752294 0.81302 0.900894495412844 0.82716 0.8981880733944955 0.835 0.8972935779816514 0.846 0.9036009174311928 0.8522799999999999 0.9089908256880734 0.85856 0.921605504587156 0.85934 0.9324082568807339 0.8609 0.9458944954128441 0.86326 0.9504128440366972 0.8719 0.9576146788990825 0.8789600000000001 0.9702064220183486 0.87974 0.9801146788990825 0.8821 0.9918119266055047 0.8813200000000001 0.9963073394495413 0.7667200000000001 0.9963073394495413
0 0.26332 0.9334174311926606 0.2555 0.9320871559633027 0.25666 0.9237844036697247 0.24972 0.9271100917431193 0.24856 0.9354128440366972 0.24248 0.9304357798165138 0.24538 0.9241284403669725 0.24944 0.9184862385321101 0.2532 0.906880733944954 0.25378 0.8982568807339449 0.25464 0.8946100917431193 0.25782 0.8939449541284403 0.26158 0.8946100917431193 0.26188 0.9052064220183487 0.2665 0.9128440366972477 0.26564 0.9175 0.26158 0.9221330275229358 0.26216 0.9264449541284404 0.26533999999999996 0.9327522935779816
0 0.12276000000000001 0.9135091743119267 0.13622 0.9135091743119267 0.1405 0.9135091743119267 0.14234 0.9022935779816513 0.14234 0.8966743119266055 0.13928000000000001 0.893165137614679 0.14112 0.8854587155963303 0.13622 0.8847477064220184 0.13316 0.8882568807339449 0.13132 0.8924770642201835 0.12276000000000001 0.8994724770642202 0.12093999999999999 0.9107110091743119 0.12154000000000001 0.9135091743119267
0 0.7719199999999999 0.9674770642201834 0.7743 0.9565366972477064 0.77404 0.9474082568807339 0.77458 0.9395183486238532 0.76874 0.9413302752293579 0.7697999999999999 0.934954128440367 0.77458 0.9288761467889909 0.77536 0.926743119266055 0.77536 0.9221788990825688 0.77934 0.9173165137614678 0.78384 0.9170183486238532 0.78808 0.9185321100917432 0.7915399999999999 0.9237155963302752 0.7915399999999999 0.926743119266055 0.7978999999999999 0.9291743119266055 0.79922 0.9337385321100917 0.7936599999999999 0.9346559633027522 0.7904800000000001 0.9383027522935781 0.79074 0.9483256880733946 0.7915399999999999 0.9525688073394495 0.7804 0.961077981651376 0.7748400000000001 0.9671559633027523
0 0.2228 0.9367431192660551 0.22848 0.93401376146789 0.22794 0.9262385321100917 0.22776 0.9180275229357798 0.22719999999999999 0.9131880733944954 0.225 0.9096100917431192 0.22408 0.9058256880733945 0.22113999999999998 0.9055963302752293 0.22096000000000002 0.9123394495412843 0.21858000000000002 0.9161238532110092 0.21546 0.9234862385321101 0.21875999999999998 0.9275 0.22113999999999998 0.9281192660550459 0.22244 0.9329587155963303
0 0.19926 0.8963532110091743 0.2026 0.8946559633027523 0.20668 0.8993348623853211 0.20742 0.9082798165137614 0.20742 0.9099770642201835 0.20593999999999998 0.919334862385321 0.20965999999999999 0.935091743119266 0.20074 0.9197706422018348 0.19778 0.931697247706422 0.19368000000000002 0.9287155963302752 0.19628 0.9184862385321101 0.19628 0.9091284403669725 0.1948 0.9048623853211009 0.20074 0.8963532110091743
0 0.33646 0.9987614678899082 0.33444 0.9929587155963303 0.33444 0.9853899082568808 0.33596 0.9819036697247707 0.33698 0.9789908256880734 0.33342 0.9761009174311926 0.32886000000000004 0.9673853211009174 0.32683999999999996 0.958073394495413 0.31974 0.9563302752293578 0.30404000000000003 0.9575 0.3015 0.966788990825688 0.29796 0.9801605504587156 0.29338 0.9952752293577981 0.28478 0.9993348623853211
0 0.5557000000000001 1.0 0.5557000000000001 0.9656651376146789 0.5244800000000001 0.8993348623853211 0.46548 0.874151376146789 0.41458 0.8953669724770642 0.38682 0.9683256880733945 0.38568 1.0 0.38568 1.0
