0 0.536640625 0.42248306997742663 0.494640625 0.42248306997742663 0.49775 0.4067494356659142 0.508640625 0.3977426636568849 0.50553125 0.38426636568848754 0.5070781249999999 0.36629796839729123 0.52575 0.3640406320541761 0.536640625 0.4067494356659142
0 0.703296875 0.40988713318284425 0.70225 0.4023702031602709 0.70225 0.39634311512415354 0.70259375 0.39282167042889393 0.707453125 0.387313769751693 0.7140625 0.38681715575620773 0.7175312500000001 0.3862979683972912 0.719953125 0.38932279909706546 0.722046875 0.39182844243792325 0.7234375 0.3948306997742664 0.72446875 0.39984198645598196 0.7265625 0.40586907449209936 0.7265625 0.4118961625282167 0.725171875 0.4159142212189616 0.73246875 0.43094808126410833 0.7453125 0.4520316027088036 0.750171875 0.4570428893905192 0.752609375 0.4635665914221219 0.750515625 0.46406320541760726 0.713703125 0.46106094808126413 0.7057187500000001 0.45805869074492095 0.70815625 0.44300225733634313 0.703640625 0.43647855530474045 0.7015625 0.42794582392776526 0.699125 0.42191873589164786 0.7012031249999999 0.4159142212189616 0.70259375 0.41088036117381493
0 0.541859375 0.4181038374717833 0.541390625 0.41257336343115125 0.5703437499999999 0.41187358916478556 0.570828125 0.4153498871331828 0.570828125 0.41602708803611743
0 0.386203125 0.41345372460496616 0.391140625 0.4115349887133183 0.390484375 0.4072686230248307 0.39064062499999996 0.3922799097065463 0.39096875 0.39155756207674947 0.39245312499999996 0.38871331828442435 0.397390625 0.3856207674943567 0.40134375 0.3856207674943567 0.40660937500000005 0.38941309255079004 0.408265625 0.39085778781038377 0.409078125 0.39465011286681717 0.4110625 0.4027539503386004 0.408921875 0.41415349887133185 0.408921875 0.4179683972911964 0.408921875 0.4184424379232506 0.391796875 0.4198645598194131 0.38849999999999996 0.41392776523702035
0 0.366203125 0.4348081264108352 0.348328125 0.4348081264108352 0.346984375 0.4218961625282167 0.347890625 0.4154401805869074 0.35325 0.41286681715575624 0.35503125 0.4038374717832957 0.36262500000000003 0.39803611738148986 0.364859375 0.3889841986455982 0.369328125 0.38446952595936795 0.374234375 0.3838374717832957 0.38093750000000004 0.38641083521444697 0.38675000000000004 0.3909255079006772 0.38853125 0.39995485327313773 0.38809375 0.41092550790067717 0.39121875 0.4154401805869074 0.393 0.42512415349887134 0.39165625 0.4315801354401806
0 0.246875 0.4458916478555305 0.24114062500000003 0.439255079006772 0.238859375 0.43593679458239276 0.237703125 0.4276749435665914 0.24459375 0.422686230248307 0.25146875 0.4185553047404063 0.249171875 0.41440180586907455 0.249171875 0.4077878103837472 0.252046875 0.3995033860045146 0.255484375 0.3961851015801354 0.2595 0.3945372460496614 0.265234375 0.3961851015801354 0.26751562500000003 0.3995033860045146 0.268671875 0.4094356659142212 0.268671875 0.41440180586907455 0.269234375 0.41772009029345375 0.27554687499999997 0.4185553047404063 0.27784375 0.4243566591422122 0.278984375 0.43015801354401806 0.280125 0.437607223476298 0.284140625 0.4425733634311512
0 0.28576562499999997 0.4278555304740406 0.290078125 0.4207223476297968 0.29100000000000004 0.41539503386004517 0.29870312499999996 0.41139954853273136 0.304234375 0.4144920993227991 0.307015625 0.4278555304740406
0 0.20564062500000002 0.4467268623024831 0.2109375 0.4363205417607223 0.21178124999999998 0.4338600451467268 0.21178124999999998 0.4298871331828442 0.21156250000000001 0.42437923250564336 0.2109375 0.4176523702031603 0.21178124999999998 0.4124604966139955 0.21368749999999997 0.41121896162528215 0.2164375 0.41092550790067717 0.222359375 0.41182844243792327 0.22554687499999998 0.4130699774266366 0.22978125 0.41979683972911963 0.230203125 0.4323476297968397 0.231890625 0.43814898419864556 0.23253125 0.43997742663656886 0.2355 0.44243792325056436 0.23570312499999999 0.4433408577878104
0 0.3056875 0.4351467268623025 0.317875 0.4034762979683973 0.326921875 0.3939277652370203 0.337015625 0.39844243792325057 0.3429375 0.43415349887133187 0.3234375 0.43767494356659137 0.311609375 0.4401805869074492 0.306734375 0.43817155756207676
0 0.6831875000000001 0.45386004514672684 0.6981875 0.45336343115124156 0.70378125 0.4558916478555305 0.7065625 0.44329571106094806 0.702734375 0.4342212189616253 0.6999375 0.42616252821670425 0.6975 0.42110609480812644 0.692609375 0.4186004514672686 0.692265625 0.4140632054176072 0.694703125 0.40146726862302484 0.69609375 0.3923927765237021 0.694359375 0.38532731376975166 0.689125 0.38331828442437926 0.683890625 0.38331828442437926 0.679703125 0.3848306997742663 0.677265625 0.3893679458239278 0.675875 0.3923927765237021 0.67621875 0.39844243792325057 0.6776093750000001 0.402979683972912 0.67796875 0.40801354401805867 0.6783125 0.4115349887133183 0.6783125 0.4130474040632054 0.675515625 0.4140632054176072 0.674125 0.41607223476297966 0.6720312500000001 0.4186004514672686 0.6720312500000001 0.42261851015801355 0.67621875 0.4387584650112867 0.68040625 0.4503386004514673 0.68075 0.45487584650112867
0 0.625359375 0.3840632054176072 0.63040625 0.37796839729119636 0.6407499999999999 0.3837471783295711 0.64328125 0.40173814898419863 0.64221875 0.41056433408577875 0.6464375 0.42 0.652765625 0.4251693002257336 0.65403125 0.4367494356659142 0.65234375 0.44255079006772013 0.63653125 0.4458916478555305 0.6268281250000001 0.4458916478555305 0.620296875 0.44223476297968395 0.616703125 0.4410158013544018 0.613765625 0.42121896162528216 0.615234375 0.4041534988713318 0.620078125 0.39686230248307 0.6224062499999999 0.3919864559819413
0 0.6769375 0.4047178329571106 0.67378125 0.39449209932279905 0.667484375 0.3910609480812641 0.66159375 0.3950564334085779 0.6619843750000001 0.4035665914221219 0.665125 0.4172234762979684 0.6584375 0.4274492099322799 0.6619843750000001 0.4399548532731377 0.668671875 0.45415349887133183 0.6796875 0.4553047404063205 0.6722187500000001 0.4200677200902935 0.675359375 0.4047178329571106
0 0.46515625 0.42370203160270875 0.46442187500000004 0.41663656884875844 0.46485937499999996 0.4093453724604966 0.46709375 0.40571106094808124 0.471984375 0.40313769751693 0.481921875 0.4063431151241535 0.48473437500000005 0.4127765237020316 0.482796875 0.41769751693002255 0.48117187499999997 0.4230474040632054 0.476125 0.424334085778781 0.47050000000000003 0.424334085778781 0.46842187500000004 0.42455981941309257
