0 0.07032812499999999 0.026276346604215458 0.073171875 0.008173302107728337 0.0909375 0.01135831381733021 0.1023125 0.03161592505854801 0.11296874999999999 0.04224824355971897 0.11937500000000001 0.07847775175644027 0.11581250000000001 0.10510538641686183 0.120078125 0.1189695550351288 0.11795312499999999 0.13814988290398128 0.09165625 0.15838407494145199 0.095921875 0.13814988290398128 0.10159375 0.1264168618266979 0.10301562500000001 0.10723653395784544 0.08809375 0.05716627634660421 0.067484375 0.030538641686182668
0 0.55228125 0.07889929742388758 0.511828125 0.06814988290398127 0.47267187499999996 0.0759718969555035 0.467453125 0.07009367681498829 0.46940625 0.016299765807962528 0.4791875 0.0 0.534671875 0.0 0.548375 0.034894613583138175 0.550328125 0.0759718969555035
0 0.513046875 0.7616627634660422 0.454953125 0.7616627634660422 0.42984375 0.7687353629976581 0.41414062500000004 0.8299063231850117 0.41884375 0.8769555035128805 0.434546875 0.9028337236533958 0.447109375 0.9169555035128806 0.45181250000000006 0.9240281030444965 0.415703125 0.9099063231850116 0.401578125 0.9099063231850116 0.37646875 0.9357845433255269 0.37646875 0.9804918032786886 0.37803125 0.9969555035128805 0.415703125 0.9993208430913348 0.42984375 1.0 0.44553125 1.0 0.46281249999999996 1.0 0.48321875 1.0 0.494203125 1.0 0.50990625 1.0 0.5161875 0.9828337236533958 0.51775 0.9687353629976581 0.53815625 0.9499063231850118 0.553859375 0.9451990632318502 0.5585625000000001 0.9146135831381733 0.55228125 0.8981498829039812 0.541296875 0.8957845433255269 0.5303125 0.8957845433255269 0.5334531250000001 0.8487353629976582 0.527171875 0.7663700234192038 0.52403125 0.752248243559719
0 0.8301718749999999 0.6150585480093677 0.8164999999999999 0.5961358313817331 0.8059843750000001 0.5803747072599531 0.79440625 0.5772131147540983 0.793359375 0.6182201405152226 0.785984375 0.681288056206089 0.79125 0.7317564402810304 0.789140625 0.8027166276346605 0.79125 0.8232084309133489 0.7986093750000001 0.8169086651053864 0.8407031249999999 0.7301639344262294 0.8575312500000001 0.6939110070257611 0.8648906249999999 0.6954800936768151 0.8680468749999999 0.6970491803278688 0.8491093749999999 0.6466042154566746 0.831234375 0.6166276346604216 0.8164999999999999 0.5851053864168618
0 0.262734375 0.7943091334894614 0.304203125 0.8979391100702576 0.30593750000000003 0.9316159250585481 0.27309375 0.9549180327868853 0.24890625000000002 0.9808196721311475 0.136546875 1.0 0.036296875 0.9963700234192037 0.041484375000000004 0.9497423887587823 0.11753125 0.8772131147540984 0.252359375 0.7994847775175644
0 0.382125 0.06065573770491803 0.398890625 0.07262295081967214 0.3975625 0.08018735362997659 0.4060625 0.07819672131147541 0.41378125 0.09653395784543325 0.41937499999999994 0.1017096018735363 0.4215 0.09533957845433255 0.41723437499999994 0.08536299765807963 0.41484375 0.07700234192037471 0.420703125 0.07063231850117097 0.43267187500000004 0.06185011709601874 0.43825000000000003 0.05826697892271662 0.4454375 0.06782201405152224 0.452625 0.0626463700234192 0.45660937500000004 0.057072599531615927 0.45660937500000004 0.04988290398126464 0.45395312499999996 0.03552693208430913 0.45395312499999996 0.01440281030444965 0.452625 0.01360655737704918 0.4465 0.009227166276346604 0.4465 0.003629976580796253 0.447828125 0.0008430913348946136 0.390109375 0.0012412177985948478 0.390109375 0.008430913348946136 0.3871875 0.02079625292740047 0.38159375 0.04152224824355972 0.382125 0.05147540983606558
0 0.048234375 0.0006323185011709602 0.05242187499999999 0.024168618266978924 0.084859375 0.04611241217798595 0.101609375 0.1229976580796253 0.088 0.17632318501170963 0.043 0.20456674473067915 0.0220625 0.17946135831381732 0.01996875 0.14494145199063233 0.0 0.13398126463700236 0.0032187500000000003 0.05238875878220141 0.014734375 0.033559718969555036 0.01159375 0.0006323185011709602
0 0.8362031249999999 0.013114754098360656 0.83140625 0.07049180327868852 0.8298125000000001 0.08960187353629977 0.8664999999999999 0.1254566744730679 0.892015625 0.09199063231850117 0.9047656249999999 0.0465807962529274 0.8888281250000001 0.01072599531615925 0.845765625 0.013114754098360656 0.845765625 0.013114754098360656
0 0.715859375 0.7196252927400468 0.7233125 0.7643325526932084 0.741953125 0.8071662763466043 0.7171093749999999 0.8611709601873537 0.676109375 0.922622950819672 0.6562187500000001 0.9188992974238877 0.684796875 0.8611709601873537 0.66740625 0.825784543325527 0.6562187500000001 0.7773536299765809 0.691015625 0.7457142857142858
0 0.6044375 0.09791569086651054 0.5991875 0.04967213114754099 0.59096875 0.030491803278688525 0.5880156249999999 0.029016393442622954 0.588671875 0.02360655737704918 0.593921875 0.011288056206088994 0.589 0.0009601873536299765 0.57259375 0.0019437939110070258 0.570609375 0.006861826697892272 0.570609375 0.016697892271662764 0.570609375 0.02259953161592506 0.569953125 0.026065573770491804 0.55321875 0.030491803278688525 0.55059375 0.037868852459016396 0.5489531249999999 0.04426229508196721 0.550265625 0.08117096018735362 0.5630625 0.09346604215456673 0.5683125 0.10135831381733021 0.57159375 0.10627634660421546 0.579484375 0.11562060889929741 0.581125 0.117096018735363 0.60246875 0.10480093676814989
0 0.9383593749999999 0.4681498829039813 0.9369375 0.44299765807962527 0.933 0.4301639344262295 0.9237343750000001 0.4200234192037471 0.8980312500000001 0.4157377049180328 0.8823437500000001 0.4194847775175644 0.8705624999999999 0.43444964871194375 0.8623593749999999 0.4590632318501171 0.8598593749999999 0.47723653395784543 0.859140625 0.4970257611241218 0.8598593749999999 0.504519906323185 0.8637812500000001 0.5039812646370023 0.86984375 0.5098594847775176 0.8905468750000001 0.49327868852459017 0.91659375 0.47723653395784543 0.9362187499999999 0.4724121779859485
0 0.3134375 0.03653395784543326 0.327609375 0.061311475409836065 0.333515625 0.10381733021077283 0.33115625 0.11796252927400468 0.322890625 0.13920374707259953 0.30753125 0.15515222482435598 0.300453125 0.13213114754098362 0.2921875 0.11796252927400468 0.294546875 0.09672131147540983 0.294546875 0.07901639344262296 0.29809375 0.07372365339578454 0.301625 0.0648711943793911 0.305171875 0.048922716627634664
0 0.27584375 0.1320374707259953 0.27584375 0.1113583138173302 0.274109375 0.10360655737704919 0.274109375 0.09585480093676815 0.272390625 0.0881030444964871 0.270671875 0.08035128805620609 0.270671875 0.07002341920374706 0.270671875 0.06484777517564404 0.274109375 0.049344262295081966 0.27584375 0.04676814988290398 0.2775625 0.04676814988290398 0.281015625 0.06742388758782202 0.282734375 0.07002341920374706 0.28790625 0.09327868852459016 0.282734375 0.10878220140515223 0.27928125000000004 0.11911007025761124 0.27928125000000004 0.12168618266978923
