0 0.53190625 0.6735128805620608 0.53225 0.6358079625292741 0.50440625 0.6292505854800937 0.477890625 0.601615925058548 0.47253125 0.5578688524590164 0.474203125 0.5065807962529274 0.48796875 0.47590163934426233 0.493 0.46885245901639344 0.5040625000000001 0.4658313817330211 0.503734375 0.4336533957845433 0.508765625 0.42510538641686185 0.518484375 0.42159250585480096 0.53459375 0.42763466042154563 0.542640625 0.4442154566744731 0.540296875 0.46283372365339576 0.53359375 0.4799297423887588 0.532921875 0.48997658079625295 0.549359375 0.5125995316159251 0.5624374999999999 0.5196487119437939 0.58121875 0.5387587822014052 0.578546875 0.5573536299765808 0.5751875 0.5819906323185011 0.571828125 0.6468618266978923 0.5751875 0.661943793911007 0.580890625 0.6689929742388759 0.58759375 0.6745199063231849 0.57284375 0.6750117096018736 0.53559375 0.6760187353629977
0 0.447796875 0.7421077283372365 0.461328125 0.694824355971897 0.47334375 0.7150819672131147 0.47634375 0.7398594847775176 0.447796875 0.7533723653395784
0 0.338484375 0.13166276346604217 0.33521875 0.14754098360655737 0.335421875 0.16707259953161593 0.34071875 0.1640281030444965 0.344796875 0.15822014051522248 0.34234375 0.14601873536299767 0.341328125 0.13105386416861828
0 0.141171875 0.4936065573770492 0.14584375 0.4550819672131147 0.13960937499999998 0.4445667447306792 0.146625 0.43288056206088993 0.14740625000000002 0.4258782201405152 0.152859375 0.4235362997658079 0.153640625 0.43053864168618267 0.15753124999999998 0.4398829039812647 0.15596875 0.4562295081967213 0.16298437500000001 0.4924355971896956 0.15596875 0.4924355971896956 0.152078125 0.4597423887587822 0.14740625000000002 0.4749180327868852 0.14740625000000002 0.4959484777517565 0.14271875 0.49477751756440286
0 0.14775 0.2101639344262295 0.152890625 0.20955503512880563 0.15825 0.20522248243559718 0.158453125 0.19782201405152225 0.15640625 0.18978922716627636 0.15537499999999999 0.18517564402810302 0.152890625 0.18269320843091336 0.15042187499999998 0.17807962529274007 0.1463125 0.18177985948477754 0.14425 0.1879391100702576 0.14321875 0.19566744730679156 0.14321875 0.2040046838407494 0.143421875 0.21140515222482434
0 0.77096875 0.11852459016393442 0.767671875 0.064192037470726 0.7775624999999999 0.056791569086651054 0.779203125 0.07161592505854801
0 0.094828125 0.19395784543325525 0.09015625000000001 0.20002341920374705 0.08609375 0.20236533957845432 0.076734375 0.20658079625292738 0.08734375 0.20798594847775176 0.08484375 0.2234192037470726 0.08359375 0.22716627634660422 0.08140625 0.2323185011709602 0.08359375 0.23370023419203748 0.10107812499999999 0.2252927400468384 0.10575000000000001 0.23091334894613583 0.1095 0.22997658079625294 0.121046875 0.22482435597189696 0.118234375 0.2224824355971897 0.1145 0.21920374707259951 0.1095 0.21639344262295082 0.106375 0.21360655737704917 0.10201562500000001 0.2004918032786885 0.099828125 0.1944262295081967 0.099203125 0.19114754098360656 0.096390625 0.19114754098360656
0 0.066640625 0.21765807962529274 0.067125 0.2149648711943794 0.06640625 0.21388758782201406 0.06484375 0.2128103044496487 0.06401562499999999 0.21081967213114752 0.064375 0.207423887587822 0.0656875 0.20669789227166277 0.0658125 0.20578454332552695 0.065203125 0.20023419203747073 0.0658125 0.19681498829039815 0.066640625 0.1951990632318501 0.067359375 0.19412177985948478 0.06832812499999999 0.19213114754098362 0.0685625 0.1907025761124122 0.06917187500000001 0.18925058548009369 0.069640625 0.18836065573770494 0.070484375 0.18836065573770494 0.072640625 0.18978922716627636 0.07371875 0.19124121779859485 0.07396875 0.19250585480093677 0.074328125 0.19573770491803277 0.074328125 0.19805620608899296 0.074328125 0.19859484777517564 0.0745625 0.20023419203747073 0.074796875 0.20166276346604214 0.074796875 0.20381733021077283 0.074921875 0.20470725995316158 0.07528125 0.20597189695550353 0.075765625 0.20723653395784541 0.076125 0.2077751756440281 0.07684375 0.20885245901639346 0.07671875 0.21011709601873535 0.07659375 0.21046838407494145 0.076125 0.21173302107728337 0.07564062499999999 0.21243559718969554 0.075046875 0.21316159250585479 0.07420312500000001 0.21407494145199063 0.07420312500000001 0.21407494145199063 0.074078125 0.21569086651053862 0.0745625 0.216768149882904 0.07468749999999999 0.21730679156908667 0.072765625 0.21765807962529274
0 0.39165625 0.7381264637002342 0.394875 0.731592505854801 0.39828125000000003 0.7262060889929742 0.399421875 0.7219437939110069 0.39753125 0.7193911007025762 0.39809375 0.712295081967213 0.39753125 0.7088758782201405 0.399421875 0.7074707259953161 0.399609375 0.7074707259953161 0.399984375 0.7029039812646369 0.399984375 0.6977985948477752 0.402640625 0.6963934426229509 0.405296875 0.6972365339578455 0.40737500000000004 0.700632318501171 0.408328125 0.7074707259953161 0.411921875 0.7108665105386417 0.41325 0.7134192037470726 0.4125 0.7174004683840749 0.41325 0.7225058548009368 0.41439062499999996 0.7262060889929742 0.41571875 0.7293208430913349 0.41760937499999995 0.7333021077283373 0.420078125 0.7364168618266979 0.422546875 0.7412646370023419 0.419703125 0.7432552693208431 0.41457812499999996 0.7435362997658079 0.41003125 0.7440983606557378 0.40737500000000004 0.7429508196721312 0.405484375 0.7401170960187353 0.40245312499999997 0.7395550351288057 0.40112500000000006 0.7432552693208431 0.39846875000000004 0.7452224824355972 0.393546875 0.7438173302107729 0.389953125 0.7381264637002342 0.390890625 0.7364168618266979 0.39165625 0.7364168618266979
0 0.362640625 0.4072365339578454 0.354046875 0.4040281030444965 0.34973437500000004 0.40079625292740045 0.34759375000000003 0.3943559718969555 0.349015625 0.38252927400468384 0.351171875 0.3750117096018735 0.352609375 0.36533957845433257 0.35546875 0.36426229508196717 0.3605 0.3728571428571429 0.35978125 0.3846838407494145 0.362640625 0.3943559718969555 0.365515625 0.4072365339578454
0 0.332859375 0.17084309133489461 0.325203125 0.16700234192037472 0.325203125 0.15398126463700235 0.323671875 0.13639344262295083 0.32265625 0.12414519906323185 0.32571875 0.11878220140515222 0.32775 0.10882903981264637 0.332859375 0.10960187353629976 0.332859375 0.1134192037470726 0.334390625 0.12337236533957846 0.336953125 0.1287353629976581 0.338484375 0.13409836065573771 0.336953125 0.14327868852459016 0.33490625 0.15016393442622952 0.33490625 0.15934426229508197 0.334390625 0.17007025761124123 0.33337500000000003 0.17159250585480093
0 0.23254687500000001 0.17791569086651055 0.231640625 0.17482435597189697 0.23125 0.16161592505854802 0.23345312499999998 0.158711943793911 0.23450000000000001 0.15812646370023417 0.23371875000000003 0.15367681498829042 0.23565624999999998 0.15096018735362995 0.238640625 0.15192037470725997 0.23903124999999997 0.15503512880562062 0.23825 0.1594847775175644 0.242390625 0.1637470725995316 0.2436875 0.1680327868852459 0.24446875 0.1738407494145199 0.246015625 0.17618266978922717
0 0.8601093750000001 0.18763466042154567 0.8601093750000001 0.17695550351288056 0.8601093750000001 0.17107728337236533 0.8590312499999999 0.16733021077283372 0.8608281249999999 0.16412177985948478 0.86296875 0.15770491803278688 0.8665312500000001 0.15555035128805622 0.8683125 0.1619672131147541 0.8686718750000001 0.17374707259953162 0.867953125 0.17962529274004685 0.867953125 0.18604215456674472
