0 0.3183125 0.5250416666666667 0.31706249999999997 0.5194166666666666 0.31234375000000003 0.5190833333333333 0.31060937499999997 0.5134583333333333 0.315328125 0.5051875 0.31706249999999997 0.49789583333333337 0.3178125 0.4912916666666666 0.325265625 0.4869791666666667 0.33046875 0.4892916666666667 0.333203125 0.5068333333333334 0.334203125 0.5157708333333333 0.33395312499999996 0.5276875 0.3188125 0.526375
0 0.354921875 0.5289791666666667 0.3583125 0.5230208333333334 0.35939062499999996 0.5182708333333333 0.359734375 0.511125 0.36009375 0.5051875 0.364015625 0.5021041666666667 0.365984375 0.5030416666666667 0.36884375 0.5037708333333334 0.372046875 0.5037708333333334 0.37471875 0.504 0.377046875 0.506375 0.37721875 0.5092291666666667 0.3779375 0.5147083333333333 0.379 0.5225416666666667 0.3804375 0.5303958333333333 0.378109375 0.5303958333333333
0 0.64653125 0.5290625 0.647171875 0.51375 0.6541875 0.5069375 0.663453125 0.49883333333333335 0.6653749999999999 0.4975625 0.6644062500000001 0.48691666666666666 0.666 0.4703125 0.671109375 0.4681875 0.6829375 0.4741458333333333 0.6832499999999999 0.5324791666666667
0 0.24517187499999998 0.50925 0.24490625000000002 0.5001666666666666 0.24490625000000002 0.4935 0.24476562500000001 0.4875625 0.245875 0.48385416666666664 0.24698437499999998 0.482375 0.24948437499999998 0.48033333333333333 0.252953125 0.4775625 0.254765625 0.47627083333333337 0.25490625 0.4734791666666667 0.255046875 0.4688541666666667 0.25573437499999996 0.46681249999999996 0.2564375 0.46495833333333336 0.258375 0.46310416666666665 0.26046874999999997 0.4623541666666667 0.26240625 0.46199999999999997 0.264078125 0.4621875 0.26560937500000004 0.4638541666666667 0.266171875 0.4653333333333334 0.2664375 0.46791666666666665 0.265890625 0.4714375 0.26575000000000004 0.47533333333333333 0.266171875 0.47775 0.26671875 0.47866666666666663 0.26756250000000004 0.4821875 0.26825 0.48441666666666666 0.2689375 0.48664583333333333 0.2688125 0.4879375 0.26825 0.4892291666666667 0.26825 0.4903541666666667 0.26728125 0.4903541666666667 0.267140625 0.4922083333333333 0.26768749999999997 0.4946041666666667 0.268109375 0.4972083333333333 0.26796875 0.5005416666666667 0.26768749999999997 0.5036875000000001 0.266859375 0.5081458333333333 0.26728125 0.5131458333333333 0.26728125 0.515375 0.2664375 0.5172291666666667 0.26296875000000003 0.5185208333333333 0.2601875 0.5185208333333333 0.25212500000000004 0.5183333333333333 0.247953125 0.5177708333333333 0.24656250000000002 0.5175833333333333 0.24559375 0.5164791666666667
0 0.46860937500000005 0.3451458333333333 0.46725000000000005 0.33647916666666666 0.45728125000000003 0.3328541666666667 0.44926562499999995 0.3246041666666667 0.44790625000000006 0.3219791666666667 0.451234375 0.3046666666666667 0.451984375 0.29862500000000003 0.45078125 0.2941875 0.446859375 0.2919791666666667 0.441109375 0.2919791666666667 0.43703125 0.29439583333333336 0.43553125000000004 0.30225 0.43159375000000005 0.31554166666666666 0.43129687499999997 0.31916666666666665 0.42721875000000004 0.33064583333333336 0.42465624999999996 0.3443333333333333 0.424796875 0.35179166666666667
0 0.414 0.34952083333333334 0.408859375 0.34952083333333334 0.40075000000000005 0.35060416666666666 0.391828125 0.35131249999999997 0.38534375 0.35131249999999997 0.379125 0.35060416666666666 0.37803125 0.34375 0.37884375000000003 0.3358125 0.38046875 0.32464583333333336 0.382359375 0.31202083333333336 0.38264062499999996 0.30625 0.38534375 0.3019375 0.3899375 0.2986875 0.394796875 0.29616666666666663 0.402640625 0.2957916666666666 0.40534375 0.29760416666666667 0.407234375 0.30372916666666666 0.40696875 0.30985416666666665 0.40642187500000004 0.3213958333333334 0.40859375 0.33077083333333335 0.40912499999999996 0.33364583333333336 0.412109375 0.33654166666666663 0.41373437500000004 0.337625 0.416703125 0.33979166666666666 0.41725 0.34627083333333336 0.41725 0.3484375
0 0.639484375 0.3466458333333333 0.6399375 0.3187291666666667 0.6466093749999999 0.3110208333333333 0.6581875 0.2955833333333333 0.66709375 0.2985416666666667 0.67378125 0.3080416666666667 0.6697656249999999 0.3205208333333333 0.669328125 0.34308333333333335 0.6541875 0.3466458333333333 0.6399375 0.3466458333333333
0 0.34981249999999997 0.35120833333333334 0.37684375000000003 0.3515625 0.37710937499999997 0.3501666666666667 0.377890625 0.3359583333333333 0.3760625 0.33249999999999996 0.36931250000000004 0.33249999999999996 0.367484375 0.3283333333333333 0.367484375 0.32487499999999997 0.3661875 0.32208333333333333 0.363859375 0.32035416666666666 0.364109375 0.3162083333333333 0.363328125 0.30995833333333334 0.36307812500000003 0.3061458333333333 0.361515625 0.30164583333333334 0.35943749999999997 0.30025 0.356828125 0.30025 0.35475 0.30025
0 0.28990625 0.32677083333333334 0.29167187499999997 0.3233958333333333 0.296234375 0.3263333333333333 0.29740625 0.3318333333333333 0.2963125 0.3363333333333333 0.2991875 0.34162499999999996 0.2999375 0.3466875 0.30028125 0.35052083333333334 0.285515625 0.3502916666666666 0.286015625 0.33589583333333334 0.288390625 0.32835416666666667
0 0.236125 0.32006249999999997 0.23853125 0.3145 0.24512499999999998 0.31304166666666666 0.251484375 0.32268749999999996 0.24753124999999998 0.3326458333333333 0.24359375 0.33879166666666666 0.24842187500000001 0.34552083333333333 0.24709374999999997 0.3519791666666666 0.222296875 0.3534375 0.222953125 0.3446458333333334 0.22778125 0.3341041666666667 0.231734375 0.32766666666666666 0.23370312499999998 0.32416666666666666
0 0.752328125 0.3485 0.74471875 0.34647916666666667 0.738953125 0.3438333333333333 0.739703125 0.33491666666666664 0.74275 0.3280416666666667 0.7495937500000001 0.3272291666666666 0.755359375 0.327625 0.757953125 0.3296458333333333 0.758703125 0.3406041666666667 0.75734375 0.3450625 0.75596875 0.3485
0 0.72334375 0.51325 0.726125 0.5107083333333333 0.726125 0.5048958333333333 0.7252500000000001 0.4990833333333333 0.7268125000000001 0.4814375 0.7379687500000001 0.48377083333333337 0.7391875 0.4963125 0.739359375 0.5046666666666667 0.749625 0.5123333333333333 0.759390625 0.5253333333333333 0.761828125 0.5334583333333334 0.756765625 0.5420416666666666 0.744234375 0.5390208333333334 0.73865625 0.5341458333333333 0.73309375 0.5413541666666667 0.730296875 0.5515625 0.72334375 0.5543541666666666 0.72246875 0.5522708333333333
