0 0.690984375 0.7470625 0.697 0.742625 0.69065625 0.7310625000000001 0.69065625 0.7252708333333333 0.6813125 0.7159375 0.682984375 0.7128125 0.6813125 0.6994791666666667 0.675984375 0.7021458333333332 0.6703125 0.70125 0.667640625 0.7097083333333334 0.67096875 0.7146041666666666 0.6723125 0.7208333333333333 0.668640625 0.7230416666666667 0.66996875 0.7266041666666666 0.665640625 0.7461875
0 0.33206250000000004 0.6877291666666667 0.3325625 0.6923541666666666 0.330328125 0.6979583333333333 0.32934375 0.7078749999999999 0.326859375 0.7154583333333334 0.326359375 0.7332916666666667 0.343453125 0.7323125 0.34196875000000004 0.7125 0.34196875000000004 0.7029166666666666 0.34395312499999997 0.6972916666666666 0.3451875 0.6900416666666668 0.343453125 0.6854166666666667 0.339 0.6827708333333333 0.33603125 0.6831041666666666 0.33453125 0.6844166666666667 0.33206250000000004 0.6873958333333333
0 0.645734375 0.4904791666666667 0.642875 0.48981250000000004 0.64371875 0.4828958333333333 0.6425468750000001 0.48020833333333335 0.6455625 0.47841666666666666 0.647734375 0.4806666666666667 0.645890625 0.4918125
0 0.89359375 0.6987083333333334 0.90059375 0.7033541666666667 0.90175 0.718875 0.9064062500000001 0.7266458333333333 0.907578125 0.7375208333333333 0.90525 0.7390625 0.90525 0.7514791666666666 0.9064062500000001 0.7576875 0.90525 0.7607916666666666 0.90175 0.7654583333333334 0.89359375 0.7654583333333334 0.8854531250000001 0.7654583333333334 0.8854531250000001 0.7576875 0.8854531250000001 0.7437291666666667 0.8889374999999999 0.7390625 0.890109375 0.7344166666666666 0.8889374999999999 0.7266458333333333 0.88778125 0.7157708333333334 0.88778125 0.7111249999999999 0.88778125 0.7080208333333334 0.890109375 0.7049166666666667 0.890109375 0.7033541666666667
0 0.22748437500000002 0.46962499999999996 0.22673437500000002 0.46397916666666666 0.22673437500000002 0.4593333333333333 0.22778125 0.4591458333333333 0.2279375 0.4565208333333333 0.22809374999999998 0.4559166666666667 0.22974999999999998 0.4561041666666667 0.230359375 0.4579166666666667 0.230359375 0.4603541666666667 0.23096875 0.46177083333333335 0.230359375 0.46639583333333334 0.230359375 0.46822916666666664 0.231875 0.4698333333333334 0.22945312499999998 0.4704375
0 0.836171875 0.7170000000000001 0.83725 0.7248541666666667 0.8383125 0.7229375 0.8420624999999999 0.7248541666666667 0.8415312500000001 0.7303125 0.836703125 0.7386458333333333 0.836890625 0.7526666666666666 0.836703125 0.758625 0.8363437499999999 0.7626666666666666 0.831890625 0.7571875 0.827609375 0.7571875 0.825296875 0.7410208333333334 0.825109375 0.7310416666666666 0.82546875 0.7129583333333334 0.8293906249999999 0.7096250000000001 0.8286875 0.7025 0.833859375 0.7005833333333332 0.83725 0.7046250000000001 0.836703125 0.7098541666666667 0.836 0.7136666666666667 0.836 0.7172291666666666 0.8363437499999999 0.7184166666666666
0 0.93228125 0.706875 0.9299687499999999 0.7054791666666667 0.929546875 0.6984583333333333 0.924703125 0.6953541666666666 0.9219687499999999 0.6984583333333333 0.921546875 0.70125 0.9221718750000001 0.7049166666666667 0.9194375000000001 0.708 0.9190156249999999 0.7125 0.91690625 0.715875 0.9167031250000001 0.7178333333333333 0.91753125 0.7237291666666666 0.9183749999999999 0.7268125 0.91859375 0.7316041666666667 0.92090625 0.7383333333333333 0.9219687499999999 0.7419791666666666 0.9234375 0.7498541666666667 0.9234375 0.7535000000000001 0.935875 0.7582916666666667 0.936703125 0.7473333333333334 0.936703125 0.7391875 0.93503125 0.73075 0.9392343750000001 0.7332916666666667 0.9402968749999999 0.7234583333333333 0.9386093750000001 0.7189583333333334 0.932078125 0.7141875 0.932078125 0.7130624999999999
0 0.935109375 0.7099583333333332 0.9361875 0.706 0.9413281250000001 0.7063541666666667 0.9440312499999999 0.7103125 0.9448437500000001 0.715375 0.94728125 0.7200624999999999 0.948625 0.7272708333333333 0.9494374999999999 0.7330416666666667 0.94809375 0.7344791666666667 0.945921875 0.7355625 0.9440312499999999 0.7416874999999999 0.9437656249999999 0.7488958333333334 0.9437656249999999 0.7582708333333333 0.9426718749999999 0.7611458333333334 0.9391718750000001 0.7604375 0.937265625 0.7582708333333333 0.935921875 0.7452916666666667 0.93484375 0.7355625 0.935109375 0.7330416666666667 0.938890625 0.7323125 0.94025 0.7236666666666667 0.935921875 0.7193333333333333 0.932953125 0.7175208333333334 0.93321875 0.715
0 0.21478125 0.46841666666666665 0.22109375 0.46795833333333337 0.21934375 0.46702083333333333 0.220734375 0.46 0.217234375 0.4520416666666666 0.215125 0.45345833333333335 0.217234375 0.46
0 0.947859375 0.7535416666666667 0.94890625 0.7367083333333333 0.94890625 0.7292083333333333 0.94890625 0.7259375 0.9499531250000001 0.7142499999999999 0.952765625 0.7100416666666667 0.954515625 0.7081666666666667 0.9611875 0.7128333333333334 0.961890625 0.72125 0.9640000000000001 0.7348333333333333 0.964703125 0.7385625 0.9604843750000001 0.7409166666666667 0.9590781249999999 0.7512083333333333 0.958375 0.7586875000000001 0.9559218749999999 0.7591458333333333 0.953125 0.7563541666666667 0.9499531250000001 0.7572916666666667
