0 0.12296 0.98384 0.12296 0.9182666666666667 0.12822 0.8971733333333334 0.13524 0.8854666666666667 0.13348 0.8714133333333333 0.13174 0.85736 0.137 0.8456533333333334 0.14930000000000002 0.8433066666666666 0.15456 0.848 0.15632 0.848 0.16686 0.848 0.15808000000000003 0.8526933333333333 0.15808000000000003 0.8620533333333333 0.15808000000000003 0.8690666666666667 0.15808000000000003 0.8714133333333333 0.15808000000000003 0.8737600000000001 0.15632 0.89016 0.16334 0.9065599999999999 0.1651 0.9674400000000001 0.17214 0.9885066666666666 0.12296 0.9885066666666666
0 0.73652 0.9348266666666667 0.76516 0.9303466666666667 0.7617999999999999 0.9033599999999999 0.77022 0.9033599999999999 0.76516 0.8629333333333334 0.75 0.8539200000000001 0.75506 0.8337066666666666 0.74662 0.82248 0.73652 0.8292266666666667 0.73484 0.8606666666666667 0.72472 0.8809066666666666 0.7280800000000001 0.9190933333333334 0.73652 0.9370666666666666
0 0.41374 0.8427466666666666 0.4117 0.85856 0.40866 0.8726666666666667 0.4065 0.8844533333333334 0.4065 0.88464 0.4075 0.8852266666666666 0.4094 0.8856 0.40954 0.8871466666666666 0.4065 0.8889066666666666 0.40186 0.8877333333333333 0.40186 0.88464 0.40056 0.8786666666666667 0.40156000000000003 0.8695733333333333 0.40214 0.8662933333333334 0.40142 0.8614666666666667 0.39984 0.8462133333333333 0.39984 0.83848 0.39984 0.83424 0.40272 0.82632 0.40504 0.82168 0.40578 0.8178133333333334 0.41128 0.8166666666666667 0.41186 0.8213066666666667 0.4117 0.8269066666666666 0.41098 0.8288266666666667
0 0.37348000000000003 0.8736 0.36312 0.8693333333333333 0.36232 0.85232 0.36312 0.8385066666666666 0.36472000000000004 0.8246933333333333 0.36710000000000004 0.8193866666666666 0.37427999999999995 0.8342666666666667 0.37507999999999997 0.8565866666666667
0 0.8581 0.8502133333333333 0.85642 0.8254400000000001 0.8479800000000001 0.8006666666666666 0.8530399999999999 0.7939200000000001 0.86486 0.7939200000000001 0.875 0.8254400000000001 0.8733200000000001 0.85248
0 0.26802 0.8749866666666667 0.2695 0.8593333333333333 0.2695 0.8514933333333333 0.26686 0.8393333333333334 0.26714 0.8318933333333333 0.26392000000000004 0.8276000000000001 0.25980000000000003 0.8291466666666667 0.25980000000000003 0.8330666666666666 0.26068 0.8510933333333334 0.26068 0.8601066666666667 0.25862 0.8734133333333333 0.25980000000000003 0.8773333333333333 0.26186000000000004 0.8781333333333333 0.26714 0.87616
0 0.10108 0.8542666666666667 0.10942 0.8510933333333334 0.12312000000000001 0.8502933333333333 0.1255 0.8622133333333333 0.1279 0.8653866666666666 0.12908 0.8677600000000001 0.1273 0.8725333333333333 0.1267 0.8757066666666666 0.12432 0.8852533333333334 0.12251999999999999 0.8860533333333332 0.11896 0.89 0.12193999999999999 0.90352 0.12372 0.91304 0.12312000000000001 0.9186133333333334 0.12301999999999999 0.95064 0.11924 0.9691200000000001 0.12176000000000001 0.9842399999999999 0.12176000000000001 0.9993333333333333 0.09028 0.9993333333333333 0.08398 0.98928 0.06634000000000001 0.97584 0.06634000000000001 0.95568 0.07264 0.9372266666666667 0.08272 0.9237866666666668 0.09531999999999999 0.8985866666666668 0.0928 0.8834933333333334 0.09908 0.8582933333333334
0 0.16832 0.8222933333333333 0.17534 0.8248266666666667 0.1779 0.8376 0.17918 0.8495199999999999 0.17886000000000002 0.8589066666666666 0.18236000000000002 0.8657066666666666 0.18619999999999998 0.8742133333333333 0.18556 0.8938133333333333 0.18556 0.9091466666666667 0.18716 0.9244533333333333 0.18812 0.9380799999999999 0.1894 0.9487199999999999 0.18908000000000003 0.9598133333333333 0.18619999999999998 0.9687466666666666 0.18492 0.9832266666666666 0.18716 0.9861866666666667 0.1945 0.9917333333333332 0.19994 0.9934400000000001 0.1993 1.0 0.18174 1.0 0.17088 0.99728 0.17152 0.9857866666666667 0.16992 0.9751200000000001 0.16704 0.9687466666666666 0.1648 0.9640533333333333 0.16290000000000002 0.90616 0.15906 0.8963733333333332 0.15874000000000002 0.8857066666666666 0.16258 0.8767733333333334 0.16384 0.8699733333333334 0.16544 0.8631466666666667 0.16544 0.8529333333333334 0.16416 0.8495199999999999 0.16002000000000002 0.84528 0.15778 0.8418666666666667 0.16002000000000002 0.83464 0.16448 0.82696 0.16704 0.8235466666666666
0 0.7583200000000001 0.8562933333333334 0.76724 0.85448 0.7748200000000001 0.8609866666666667 0.77752 0.8634933333333333 0.77644 0.8696266666666667 0.7767000000000001 0.8761333333333333 0.7777999999999999 0.8829600000000001 0.77752 0.8905333333333333 0.78184 0.9042399999999999 0.78346 0.9096533333333333 0.78914 0.9218933333333332 0.7878 0.9273066666666667 0.77428 0.9280266666666667 0.76832 0.9283999999999999 0.76428 0.92624 0.7615599999999999 0.90568 0.7629199999999999 0.9046133333333334 0.7699400000000001 0.90352 0.76562 0.86928 0.7659 0.8627733333333334 0.7550800000000001 0.8577333333333332
0 0.7810199999999999 0.8256000000000001 0.78554 0.8278933333333333 0.78832 0.8357600000000001 0.78554 0.8413333333333334 0.78484 0.84456 0.79004 0.8450133333333333 0.79422 0.84688 0.79802 0.8547466666666665 0.79976 0.8630666666666666 0.8025399999999999 0.8677066666666666 0.7945599999999999 0.8718666666666667 0.7945599999999999 0.8774133333333333 0.79526 0.8838933333333333 0.79664 0.8889866666666667 0.79734 0.8940799999999999 0.789 0.8963733333333332 0.78692 0.8982399999999999 0.78692 0.9024 0.79004 0.9074933333333334 0.79144 0.9139733333333333 0.79074 0.9227466666666666 0.79074 0.926 0.78832 0.92784 0.7886599999999999 0.92136 0.78518 0.9144266666666667 0.7806799999999999 0.9033333333333333 0.77824 0.8931466666666666 0.7772 0.8848266666666667 0.7775599999999999 0.8755733333333333 0.77824 0.8713866666666666 0.77824 0.864 0.77686 0.8607466666666665 0.77374 0.86168 0.76888 0.8561333333333334 0.77026 0.8501066666666667 0.7758200000000001 0.8482666666666667 0.7772 0.8454933333333333 0.7758200000000001 0.8390133333333333 0.7758200000000001 0.8329866666666667 0.7775599999999999 0.8278933333333333 0.78034 0.8269866666666666
0 0.79024 0.9221866666666666 0.7892 0.9050666666666666 0.78642 0.9009066666666666 0.7926799999999999 0.8962666666666668 0.7975399999999999 0.8893333333333333 0.79614 0.8837866666666667 0.7965 0.8694400000000001 0.8048200000000001 0.86528 0.8135 0.8685066666666666 0.81384 0.8828533333333333 0.81002 0.89488 0.81904 0.90552 0.8252999999999999 0.9235733333333332 0.8194 0.92544 0.8145399999999999 0.9170933333333334 0.8069 0.9305066666666667 0.7898999999999999 0.9258933333333332
0 0.46502 0.84888 0.46502 0.8394933333333333 0.46502 0.8376 0.45816 0.8373866666666666 0.45848 0.8335466666666667 0.46566 0.8207466666666666 0.46742 0.8175466666666666 0.46966 0.8133066666666667 0.47318 0.8111733333333333 0.47734 0.8179733333333333 0.4775 0.8201066666666668 0.47988 0.8335466666666667 0.47908 0.8458933333333333 0.47844 0.84888 0.47988 0.86848 0.47972000000000004 0.8776533333333334 0.47781999999999997 0.8825599999999999 0.47126 0.8855466666666666 0.4663 0.8823466666666666 0.46646 0.8759466666666668 0.46454 0.8631466666666667 0.46454 0.8569866666666667
0 0.53162 0.8826933333333333 0.53506 0.86784 0.54006 0.8545333333333333 0.5408200000000001 0.8463466666666667 0.54312 0.8386666666666667 0.5508 0.8345866666666667 0.55924 0.8350933333333334 0.56232 0.8392 0.5665800000000001 0.8455733333333333 0.5672 0.8505333333333333 0.56412 0.8568266666666666 0.56412 0.86232 0.5639 0.8691733333333334 0.56226 0.8727199999999999 0.56268 0.8760266666666666 0.55856 0.8850666666666666 0.5565 0.8883733333333333 0.5528 0.8905599999999999 0.55136 0.8996000000000001 0.5515599999999999 0.9152266666666666 0.55074 0.9286666666666666 0.55074 0.938 0.55074 0.9423733333333333 0.55198 0.96624 0.5414800000000001 0.9706133333333333 0.53964 0.9626666666666667 0.53512 0.9615733333333333 0.53326 0.9486933333333333 0.5336799999999999 0.9346933333333333 0.53532 0.9248266666666667 0.5348999999999999 0.92016 0.53162 0.9198933333333332 0.5291399999999999 0.9166133333333334 0.52874 0.90344 0.52874 0.8965866666666668 0.53038 0.8869866666666667
