0 0.07473437499999999 0.36803278688524593 0.073453125 0.3570725995316159 0.07775 0.3454566744730679 0.08206250000000001 0.3454566744730679 0.085078125 0.3486885245901639 0.088953125 0.3635362997658079 0.088953125 0.37063231850117095 0.09928125 0.3944964871194379 0.100578125 0.435807962529274 0.095828125 0.436440281030445 0.09325 0.404192037470726 0.092390625 0.473887587822014 0.094109375 0.49517564402810305 0.086796875 0.487423887587822 0.08378125 0.45515222482435597 0.081203125 0.43709601873536297 0.081625 0.4971194379391101 0.073015625 0.48936768149882903 0.069140625 0.43323185011709603 0.057937499999999996 0.431288056206089 0.063546875 0.386768149882904
0 0.21490625 0.4098360655737705 0.206953125 0.4098360655737705 0.206953125 0.39662763466042156 0.20807812499999997 0.3842857142857143 0.211203125 0.38302107728337237 0.210921875 0.37662763466042154 0.21490625 0.37662763466042154 0.21490625 0.38131147540983606 0.216609375 0.38939110070257615 0.21575000000000003 0.40728337236533957
0 0.308859375 0.4200468384074942 0.306265625 0.4213583138173302 0.307125 0.39681498829039813 0.30798437500000003 0.3871428571428571 0.31057812500000004 0.38391100702576114 0.311 0.37681498829039817 0.314453125 0.37618266978922715 0.3153125 0.3832786885245902 0.314015625 0.39681498829039813 0.31575000000000003 0.40456674473067916 0.31575000000000003 0.42070257611241213 0.31359375 0.42199063231850115 0.311859375 0.4058548009367682 0.31057812500000004 0.4058548009367682 0.30928125 0.41747072599531615
0 0.282734375 0.4099297423887588 0.28359375 0.403559718969555 0.282625 0.4021077283372365 0.2824375 0.3942857142857143 0.282734375 0.38908665105386414 0.28215625 0.3853161592505855 0.285625 0.38430913348946133 0.2854375 0.3801170960187354 0.288046875 0.3802576112412178 0.28775 0.3847306791569087 0.28909375000000004 0.38721311475409836 0.28996875 0.3967447306791569 0.288625 0.39747072599531613 0.28900000000000003 0.405152224824356 0.28871875 0.41021077283372365 0.28698437499999996 0.41065573770491803 0.285625 0.40601873536299765 0.28428125 0.4100702576112412 0.2824375 0.4103512880562061
0 0.2366875 0.41079625292740046 0.23590624999999998 0.40374707259953163 0.234859375 0.4006088992974239 0.23590624999999998 0.39903981264637 0.23695312500000001 0.3947306791569087 0.24009375 0.3955269320843091 0.24009375 0.3978688524590164 0.242453125 0.39903981264637 0.24140625 0.40882903981264634 0.24060937500000001 0.4111943793911007
0 0.29893749999999997 0.4165339578454333 0.29525 0.4152459016393443 0.29525 0.4046135831381733 0.2926875 0.4020608899297424 0.2926875 0.390983606557377 0.294109375 0.3871428571428571 0.29609375 0.3871428571428571 0.29665625 0.382903981264637 0.29865624999999996 0.382903981264637 0.2995 0.3888524590163934 0.29978125 0.4007728337236534 0.29893749999999997 0.41440281030444964
0 0.40598437499999995 0.40714285714285714 0.40554687500000003 0.39681498829039813 0.40210937500000005 0.3890632318501171 0.401671875 0.39423887587822015 0.40210937500000005 0.40779859484777514
0 0.205375 0.419344262295082 0.19789062500000001 0.41906323185011707 0.19824999999999998 0.4123185011709602 0.19732812500000002 0.406135831381733 0.19975 0.404168618266979 0.1999375 0.3999531615925059 0.20237500000000003 0.3993911007025761 0.20406249999999998 0.40473067915690863 0.20406249999999998 0.40782201405152224 0.20575000000000002 0.40922716627634664 0.205375 0.417096018735363 0.205 0.41906323185011707 0.2029375 0.41906323185011707
0 0.268640625 0.3903044496487119 0.266765625 0.3936768149882904 0.268265625 0.39704918032786884 0.266953125 0.4015456674473068 0.26770312500000004 0.40744730679156904 0.269203125 0.41447306791569083 0.267890625 0.41840749414519907 0.269390625 0.4212177985948478 0.27014062499999997 0.4212177985948478 0.271828125 0.4172833723653396 0.272203125 0.414192037470726 0.27164062499999997 0.4122248243559719 0.27164062499999997 0.4091334894613583 0.27351562500000004 0.4091334894613583 0.275390625 0.4130679156908665 0.275390625 0.41840749414519907 0.275390625 0.42009367681498827 0.278578125 0.4178454332552693 0.277828125 0.4091334894613583 0.275015625 0.4046370023419204 0.275015625 0.40014051522248245 0.275390625 0.39676814988290393 0.276515625 0.3928337236533958 0.274265625 0.39170960187353626 0.274078125 0.38833723653395785 0.272390625 0.38608899297423893 0.271078125 0.3832786885245902 0.270328125 0.3832786885245902 0.27014062499999997 0.3874941451990633 0.269203125 0.3897423887587822 0.268265625 0.3914285714285714
0 0.173296875 0.40215456674473066 0.17075 0.4069086651053864 0.16899999999999998 0.4119203747072599 0.169328125 0.42 0.17075 0.4204683840749414 0.174078125 0.41976580796252927 0.175828125 0.4202341920374707 0.178203125 0.42 0.181390625 0.41976580796252927 0.1828125 0.41927400468384074 0.183765625 0.4188056206088993 0.18360937500000002 0.41644028103044495 0.1825 0.4142857142857143 0.181546875 0.4140515222482436 0.179484375 0.41451990632318503 0.17853125 0.41451990632318503 0.178203125 0.4130913348946135 0.17709375 0.4128571428571428 0.1769375 0.4119203747072599 0.17725 0.4057377049180328 0.1786875 0.405480093676815 0.179796875 0.40477751756440283 0.17915625 0.40072599531615927 0.178375 0.396440281030445 0.1763125 0.396440281030445 0.1745625 0.3978688524590164 0.174078125 0.4004918032786885 0.174078125 0.4031147540983607
0 0.47696875 0.7504683840749414 0.46684374999999995 0.7352693208430913 0.46528125 0.7282669789227167 0.48553125 0.7282669789227167 0.48553125 0.7224355971896956 0.508921875 0.7107494145199064 0.5354062500000001 0.6289929742388758 0.5393125000000001 0.6067915690866511 0.565796875 0.6044730679156909 0.58684375 0.6067915690866511 0.5845 0.5962997658079625 0.5845 0.5834426229508196 0.58684375 0.5752693208430913 0.601640625 0.5624121779859484 0.639046875 0.5332318501170961 0.6600937499999999 0.5542388758782202 0.688921875 0.5694379391100702 0.678015625 0.6126463700234193 0.671 0.610304449648712 0.6375 0.5986182669789227 0.62425 0.60096018735363 0.6133437500000001 0.6114754098360656 0.617234375 0.6138173302107729 0.6226875 0.6231615925058548 0.61178125 0.6488524590163934 0.58684375 0.6605386416861827 0.570484375 0.6570257611241218 0.5626875 0.6640281030444966 0.53853125 0.702576112412178 0.518265625 0.7387822014051522 0.508921875 0.7457845433255269 0.50346875 0.7492974238875878
0 0.020828125 0.4347775175644028 0.0258125 0.43177985948477754 0.029406250000000002 0.43058548009367686 0.032796874999999996 0.4290866510538642 0.03259375 0.4278922716627635 0.031 0.42550351288056204 0.031 0.42192037470725996 0.032 0.4204215456674473 0.031796875 0.41772833723653396 0.03 0.41625292740046843 0.027015624999999998 0.41386416861826697 0.02521875 0.4060889929742389 0.027015624999999998 0.4028103044496487 0.03459375 0.40489461358313816 0.036390624999999996 0.40847775175644024 0.039375 0.41236533957845434 0.040375 0.41475409836065574 0.042171875 0.42341920374707265 0.042359375 0.4332786885245901 0.04196875 0.4365573770491803 0.039578125 0.43925058548009366 0.03578125 0.4407494145199063 0.028609375 0.4407494145199063 0.023625 0.44252927400468384 0.0204375 0.44313817330210775 0.01884375 0.4386416861826698
