0 0.14603125 0.2609367681498829 0.17896875 0.2738173302107728 0.191859375 0.35536299765807966 0.2033125 0.3510772833723653 0.2004375 0.26953161592505853 0.181828125 0.2416393442622951 0.180390625 0.19227166276346602 0.160359375 0.1901170960187354 0.151765625 0.2029976580796253 0.151765625 0.22660421545667447
0 0.6386093749999999 0.2808430913348946 0.640296875 0.2721311475409836 0.64309375 0.26903981264637 0.64571875 0.2673536299765808 0.64740625 0.2662295081967213 0.64571875 0.26060889929742387 0.64571875 0.2566744730679157 0.64853125 0.2524824355971897 0.65078125 0.25163934426229506 0.65396875 0.25473067915690867 0.65453125 0.2586416861826698 0.65396875 0.26285714285714284 0.65415625 0.26819672131147543 0.65828125 0.271288056206089 0.66090625 0.27634660421545665 0.66353125 0.2856206088992974 0.66503125 0.29067915690866514 0.66315625 0.2946135831381733 0.65753125 0.29601873536299766 0.65565625 0.29714285714285715 0.65471875 0.3016393442622951 0.64365625 0.30107728337236533 0.64309375 0.29770491803278687 0.64253125 0.28337236533957844 0.639734375 0.28168618266978923
0 0.36315624999999996 0.23039812646370023 0.3520625 0.22688524590163933 0.350046875 0.23091334894613583 0.350390625 0.24149882903981265 0.355421875 0.25309133489461355 0.355421875 0.268711943793911 0.35509375 0.2782903981264637 0.353078125 0.2833255269320843 0.373578125 0.28180327868852456 0.37425 0.2626697892271663 0.373921875 0.25559718969555034 0.3705625 0.24805620608899298 0.368875 0.2429976580796253
0 0.89025 0.31318501170960183 0.89025 0.3094379391100702 0.89025 0.3072599531615925 0.8913125000000001 0.3052459016393443 0.8916875 0.30407494145199065 0.891796875 0.30264637002341915 0.8918906249999999 0.3016393442622951 0.8925625 0.2996018735362998 0.893328125 0.29903981264637003 0.8946875000000001 0.2994613583138173 0.89515625 0.3011943793911007 0.89515625 0.30278688524590164 0.89515625 0.3042388758782201 0.8952656250000001 0.30510538641686186 0.8956406250000001 0.3056674473067916 0.8967031249999999 0.30653395784543325 0.897 0.3069789227166277 0.897671875 0.3082669789227166 0.8977656250000001 0.31131147540983606 0.8977656250000001 0.3139110070257611
0 0.07759374999999999 0.20533957845433257 0.08657812499999999 0.19763466042154568 0.07975 0.18243559718969557 0.07915625 0.17332552693208433 0.07915625 0.16421545667447307 0.08340625 0.15512880562060888 0.08885937499999999 0.1505854800936768 0.094328125 0.1469320843091335 0.108296875 0.1469320843091335 0.11860937499999999 0.15695550351288054 0.11921875 0.16969555035128805 0.116796875 0.17969555035128806 0.11496875 0.18969555035128804 0.11496875 0.20063231850117097 0.11374999999999999 0.20426229508196722 0.112546875 0.2070023419203747 0.10890625000000001 0.20882903981264636 0.10404687500000001 0.2124590163934426 0.11496875 0.23519906323185014 0.11860937499999999 0.24793911007025762 0.121046875 0.27798594847775177 0.119828125 0.3244028103044497 0.11860937499999999 0.3353161592505855 0.098578125 0.3362295081967213 0.0925 0.3362295081967213 0.0925 0.3362295081967213 0.077328125 0.3371428571428572 0.07915625 0.24976580796252928 0.077328125 0.21608899297423886 0.07125000000000001 0.20791569086651054 0.06882812499999999 0.20334894613583138
0 0.3896875 0.2713114754098361 0.379234375 0.27679156908665103 0.37870312500000003 0.27079625292740045 0.379578125 0.26400468384074943 0.3815 0.2574707259953162 0.3821875 0.25014051522248243 0.38428125 0.24754098360655738 0.388125 0.24911007025761125 0.3896875 0.2532786885245902 0.389515625 0.26320843091334895 0.390046875 0.26791569086651057
0 0.420515625 0.24807962529274005 0.422 0.24201405152224825 0.423109375 0.24201405152224825 0.42457812500000003 0.23372365339578455 0.42604687500000005 0.23372365339578455 0.428265625 0.24311475409836067 0.42973437499999995 0.24587822014051522 0.43084375 0.2469789227166276 0.43046875 0.2547072599531616 0.43046875 0.2629976580796253 0.427890625 0.26466042154566743 0.42384374999999996 0.2624590163934426 0.42346874999999995 0.25583138173302106 0.42162499999999997 0.25084309133489463 0.419421875 0.25030444964871196
0 0.9030312500000001 0.31353629976580794 0.901734375 0.3109367681498829 0.901953125 0.30576112412177986 0.90390625 0.3021779859484778 0.905421875 0.30056206088992976 0.9065 0.2950351288056206 0.9097500000000001 0.30088992974238876 0.9082343749999999 0.3031615925058548 0.9106093749999999 0.3031615925058548 0.913640625 0.3070491803278689 0.917984375 0.30997658079625295 0.9164687499999999 0.31290398126463703 0.90996875 0.3080327868852459 0.9101874999999999 0.314192037470726 0.902390625 0.314192037470726
0 0.8815625 0.2975175644028103 0.882484375 0.29419203747072603 0.883234375 0.29112412177985947 0.882296875 0.28918032786885245 0.879890625 0.2897423887587822 0.8776718750000001 0.28918032786885245 0.8780468750000001 0.29475409836065575 0.8780468750000001 0.2975175644028103 0.8758125 0.2997423887587822 0.8771093750000001 0.3030679156908665 0.8771093750000001 0.30529274004683843 0.874671875 0.30665105386416863 0.8754375 0.3136299765807962 0.88396875 0.3133489461358314 0.88440625 0.3094379391100702 0.88628125 0.3072131147540984 0.886015625 0.29908665105386417 0.884890625 0.2969320843091335
0 0.39009375 0.26885245901639343 0.40125 0.26559718969555035 0.40326562499999996 0.26489461358313815 0.40326562499999996 0.2581733021077283 0.3964375 0.2535128805620609 0.398765625 0.24911007025761125 0.3970625 0.24192037470725994 0.39690625 0.23866510538641686 0.39271875 0.23611241217798593 0.38854687499999996 0.23843091334894614 0.388078125 0.2472599531615925 0.38946875 0.2570023419203747
