0 0.2874 0.5055979643765903 0.29325999999999997 0.4782697201017812 0.30954000000000004 0.4476335877862595 0.3167 0.4401781170483461 0.31736000000000003 0.4128498727735369 0.32386000000000004 0.3987531806615776 0.33818 0.4062086513994911 0.3447 0.4186259541984733 0.34664 0.43188295165394397 0.3512 0.44183206106870226 0.36096 0.45674300254452926 0.37204000000000004 0.4757760814249364 0.3792 0.4964885496183206 0.37660000000000005 0.5138931297709924 0.36944 0.5238167938931299 0.34208 0.525470737913486 0.31410000000000005 0.5163613231552163 0.28936 0.5055979643765903
0 0.78516 0.7101272264631043 0.7858999999999999 0.6838676844783714 0.7918 0.6481933842239186 0.79328 0.6266157760814249 0.7918 0.6134860050890585 0.78516 0.5994147582697201 0.78 0.592849872773537 0.77264 0.5731297709923664 0.7748400000000001 0.5534351145038168 0.7741 0.5309160305343512 0.7719 0.5149618320610687 0.77116 0.48681933842239183 0.77854 0.4746055979643766 0.7977000000000001 0.4643002544529262 0.8014 0.4502290076335878 0.8146599999999999 0.4389567430025445 0.8264600000000001 0.4389567430025445 0.8294199999999999 0.455852417302799 0.8316399999999999 0.4764885496183206 0.8264600000000001 0.4961832061068702 0.82574 0.5055725190839695 0.83754 0.5121374045801527 0.8478600000000001 0.5234096692111959 0.8486 0.5374809160305343 0.8434400000000001 0.5449872773536896 0.8294199999999999 0.5478117048346056 0.82278 0.5543765903307888 0.82056 0.5759541984732824 0.82056 0.6003562340966921 0.82204 0.6172264631043257 0.81024 0.6801017811704834 0.81688 0.696055979643766 0.8191 0.7101272264631043 0.81688 0.7148091603053436 0.81024 0.7176335877862595 0.8014 0.7176335877862595 0.78444 0.7157506361323156
0 0.12652 0.4071501272264631 0.12652 0.4071501272264631 0.13522 0.4265139949109415 0.13386 0.4403562340966921 0.13386 0.4403562340966921 0.13386 0.4403562340966921 0.14664 0.4493384223918575 0.14746 0.4538422391857507 0.12544 0.4579898218829517 0.11892 0.4766666666666667 0.11892 0.4769974554707379 0.11022 0.4856488549618321 0.10940000000000001 0.47493638676844785 0.1113 0.45625954198473284 0.11076000000000001 0.44346055979643767 0.1056 0.42272264631043255 0.10832 0.41061068702290077 0.11838 0.406793893129771
0 0.07632 0.7302798982188295 0.00232 0.7411959287531807 0.0044800000000000005 0.6825445292620865 0.018420000000000002 0.6552417302798982 0.03558 0.6334096692111959 0.04844 0.6088549618320611 0.06774 0.5965903307888041 0.09134 0.6116030534351146 0.09134 0.6361577608142494 0.09026 0.6729770992366413 0.09562000000000001 0.6907124681933842 0.1042 0.7248346055979644 0.0999 0.7439185750636133
0 0.8630399999999999 0.43086513994910947 0.84464 0.4560050890585242 0.83476 0.4708396946564885 0.82894 0.4834096692111959 0.824 0.49480916030534355 0.8275800000000001 0.504529262086514 0.83702 0.5142239185750637 0.84194 0.5188040712468193 0.84554 0.5279389312977099 0.8459800000000001 0.5353435114503816 0.84464 0.5387786259541985 0.84016 0.5427735368956743 0.83028 0.546208651399491 0.8275800000000001 0.5467684478371501 0.8244400000000001 0.5570483460559796 0.8212999999999999 0.5678880407124682 0.8212999999999999 0.5793129770992366 0.81772 0.7025190839694656 0.8334199999999999 0.7067938931297709 0.8397 0.6343002544529263 0.84824 0.6308651399491094 0.84508 0.6548600508905853 0.83836 0.6999491094147582 0.83702 0.7165139949109414 0.85048 0.7199236641221374 0.85496 0.7165139949109414 0.86124 0.6976590330788804 0.8652799999999999 0.6719847328244274 0.86752 0.6542748091603053 0.86978 0.6308651399491094 0.86752 0.5323918575063613 0.86124 0.5106870229007633 0.8666200000000001 0.4918575063613232 0.87066 0.4638676844783715 0.87426 0.4530279898218829 0.8774 0.43819338422391857 0.8774 0.4199236641221374 0.86842 0.41819338422391855 0.8652799999999999 0.42162849872773533
0 0.9755 0.409618320610687 0.9755 0.44208651399491095 0.98042 0.4779643765903308 0.9813200000000001 0.4916284987277354 0.9719 0.5172773536895674 0.9755 0.5332315521628499 0.96968 0.5788040712468193 0.96968 0.5788040712468193 0.9737 0.591882951653944 0.9728 0.6562595419847329 0.9692200000000001 0.6722137404580153 0.9669800000000001 0.6596946564885496 0.9544400000000001 0.5799236641221374 0.9642999999999999 0.5571501272264632 0.96474 0.5571501272264632 0.95982 0.5053180661577609 0.95848 0.4791094147582697 0.9522 0.4677099236641221 0.93744 0.4631552162849873 0.9517599999999999 0.42272264631043255 0.9558 0.39592875318066156 0.96296 0.39025445292620864 0.97504 0.39536895674300254 0.9808600000000001 0.4016284987277354
0 0.23454 0.5443765903307888 0.20734 0.5612213740458015 0.19558 0.5340966921119593 0.19484 0.5069720101781171 0.2066 0.47516539440203565 0.21102 0.4452417302798982 0.22278 0.4096946564885496 0.24336000000000002 0.41061068702290077 0.24409999999999998 0.4536386768447837 0.23748 0.48264631043257 0.25072 0.5004325699745547 0.24264 0.5368956743002544
0 0.7218 0.7066921119592876 0.69456 0.674503816793893 0.7120599999999999 0.5853944020356234 0.74126 0.5507379134860051 0.7646000000000001 0.5458015267175572 0.79962 0.6051908396946565 0.7937799999999999 0.6621374045801527 0.78016 0.6943002544529262
0 0.6879400000000001 0.4381679389312977 0.71016 0.44608142493638675 0.71104 0.477735368956743 0.7270399999999999 0.49129770992366417 0.7350399999999999 0.5308651399491094 0.73148 0.5534860050890585 0.71904 0.5738167938931298 0.7066 0.5817302798982188 0.6826 0.5772264631043257 0.6639400000000001 0.5625190839694656 0.65416 0.5455725190839694 0.6524 0.5206870229007633 0.6577200000000001 0.5048600508905853 0.66928 0.49582697201017817 0.67728 0.4856488549618321 0.67816 0.47547073791348604 0.67372 0.46529262086514 0.67372 0.4528498727735369 0.6808200000000001 0.4438167938931297
0 0.019600000000000003 0.40575063613231555 0.01804 0.42615776081424933 0.03668 0.4314249363867685 0.04392 0.44788804071246824 0.049100000000000005 0.5051653944020357 0.04184 0.530178117048346 0.04598 0.5538931297709924 0.0011200000000000001 0.5760050890585242 0.0 0.36552162849872777 0.01702 0.3796946564885496
0 0.38312 0.5131043256997455 0.38664 0.4832569974554707 0.40188 0.4720610687022901 0.40304 0.43478371501272267 0.4347 0.43178117048346054 0.43882 0.4735623409669212 0.42532 0.49145038167938926 0.44292000000000004 0.49519083969465655 0.44583999999999996 0.5309923664122138 0.40304 0.536208651399491
0 0.04364 0.4513994910941476 0.0446 0.4416030534351145 0.03592 0.43302798982188295 0.03592 0.4072773536895674 0.040740000000000005 0.3938167938931298 0.06 0.3901272264631043 0.07446 0.3962595419847328 0.07928 0.40483460559796436 0.0783 0.44648854961832063 0.09468 0.4513994910941476 0.10142 0.4575318066157761 0.1178 0.5273791348600508 0.12262 0.549440203562341 0.12936 0.5608142493638677 0.15344 0.5620356234096692 0.18716 0.5411959287531807 0.19582 0.5424427480916031 0.22568000000000002 0.5718320610687022 0.23915999999999998 0.5816539440203562 0.23242 0.5935623409669212 0.1438 0.5935623409669212 0.139 0.5984478371501272 0.09758 0.6119338422391858 0.0783 0.6033587786259542 0.0 0.6266412213740459 0.00126 0.571501272264631 0.047479999999999994 0.561704834605598 0.047479999999999994 0.5433078880407125 0.04556 0.5077862595419848 0.04556 0.47959287531806616
