0 0.6164 0.9712 0.61988 0.9814400000000001 0.6216 0.9860533333333333 0.6204400000000001 0.9906933333333333 0.61712 0.99128 0.61682 1.0 0.6093 1.0 0.60726 0.99552 0.608 0.9868266666666666 0.60336 0.9804533333333334 0.6048 0.9750666666666666 0.6061 0.9719733333333334 0.60668 0.96616 0.6082799999999999 0.96056 0.61162 0.9601866666666666 0.61452 0.9619200000000001 0.6151 0.96656
0 0.38256 0.95016 0.38394 0.9406933333333333 0.38532 0.9376533333333333 0.38532 0.9324533333333334 0.38532 0.9266666666666666 0.38874000000000003 0.9229866666666667 0.3931 0.9278666666666666 0.39377999999999996 0.9324533333333334 0.39698 0.93368 0.40066 0.9345866666666668 0.4011 0.9379466666666667 0.3986 0.9397866666666667 0.39814 0.94496 0.39927999999999997 0.9495466666666666 0.4002 0.9510666666666666 0.40134 0.95504 0.40156000000000003 0.9587199999999999 0.40226 0.9614666666666667 0.40134 0.9675733333333333 0.40156000000000003 0.97184 0.40156000000000003 0.9770133333333333 0.3995 0.98008 0.39652 0.9770133333333333 0.39402 0.97488 0.39239999999999997 0.9697066666666666 0.3915 0.96696 0.38782 0.96328 0.38645999999999997 0.96024 0.38301999999999997 0.95168
0 0.37906 0.96 0.37724 0.94832 0.38086000000000003 0.9468266666666667 0.3803 0.9394133333333332 0.37766000000000005 0.9397866666666667 0.37710000000000005 0.9434933333333333 0.37501999999999996 0.94016 0.37445999999999996 0.93128 0.37724 0.93072 0.37572000000000005 0.92496 0.37572000000000005 0.91904 0.36834 0.9182933333333334 0.36334 0.93072 0.36528 0.9314666666666667 0.36932 0.9288533333333333 0.36528 0.9338666666666666 0.36474 0.9525866666666667 0.36889999999999995 0.9527733333333334 0.36918 0.9622133333333333 0.37389999999999995 0.9776
0 0.37692000000000003 0.91752 0.36892 0.91752 0.36757999999999996 0.91576 0.36757999999999996 0.90744 0.36801999999999996 0.8985333333333333 0.36624 0.8842666666666668 0.37157999999999997 0.8801333333333333 0.3747 0.8860533333333332 0.37604000000000004 0.8931733333333334 0.37604000000000004 0.9009066666666666
0 0.6314 0.9705066666666666 0.6367200000000001 0.97432 0.63754 0.97432 0.63878 0.9655733333333333 0.63918 0.9601066666666668 0.64 0.9557333333333333 0.64288 0.95136 0.6379600000000001 0.9409866666666666 0.63754 0.9317066666666667 0.6396000000000001 0.92568 0.64246 0.9234933333333334 0.64698 0.9234933333333334 0.65024 0.9223999999999999 0.6514800000000001 0.91912 0.65312 0.9185866666666668 0.65722 0.9251466666666667 0.65844 0.9344266666666667 0.65886 0.9420799999999999 0.66132 0.9469866666666666 0.66746 0.95848 0.67196 0.9726933333333333 0.6732 0.9912533333333334 0.67196 0.9950933333333334 0.66952 0.99728 0.66418 0.9874400000000001 0.66296 0.9846933333333333 0.66254 0.98416 0.6539400000000001 0.98688 0.64698 0.9918133333333333 0.64328 0.994 0.6367200000000001 0.9874400000000001 0.63632 0.98416 0.63426 0.98032
0 0.4377 0.9775466666666667 0.43563999999999997 0.9720266666666666 0.43494 0.9708 0.43266000000000004 0.9665333333333334 0.43036 0.9613333333333334 0.42966000000000004 0.9530666666666666 0.42851999999999996 0.9490933333333335 0.42784 0.9420533333333333 0.42784 0.9334933333333333 0.42713999999999996 0.92768 0.42713999999999996 0.9230666666666666 0.4322 0.92064 0.43472000000000005 0.92064 0.43677999999999995 0.9282933333333334 0.43907999999999997 0.9365333333333333 0.44160000000000005 0.9393066666666667 0.44022 0.9454133333333332 0.44 0.94848 0.44114 0.9594933333333333 0.44114 0.9659200000000001 0.44206 0.9717333333333332 0.44160000000000005 0.9726400000000001 0.43883999999999995 0.97816
0 0.85624 0.87808 0.85188 0.8826666666666667 0.84936 0.8725866666666667 0.84524 0.8634400000000001 0.84388 0.8576266666666666 0.84616 0.85 0.84594 0.8438933333333333 0.84868 0.8436 0.8509800000000001 0.8472533333333334 0.8530399999999999 0.8527466666666665 0.85326 0.8591466666666667
0 0.2507 0.9701866666666666 0.2556 0.9551200000000001 0.26466 0.94152 0.26692 0.9259466666666667 0.26692 0.9143733333333333 0.27824 0.9088533333333333 0.28804 0.9209066666666667 0.2854 0.9314666666666667 0.2805 0.94656 0.28012 0.9551200000000001 0.2854 0.96968 0.29068 0.9812533333333334 0.29144 0.99432 0.29294 1.0 0.25864 1.0 0.24268 0.9992 0.24503999999999998 0.9842666666666667
0 0.34332 0.9250666666666666 0.34584 0.91976 0.34814 0.9166933333333334 0.35192 0.9155733333333332 0.35819999999999996 0.9172533333333334 0.36113999999999996 0.9217066666666667 0.36324 0.9317866666666668 0.36346 0.9404533333333334 0.36156 0.95024 0.36052 0.9522133333333332 0.36492 0.9547199999999999 0.36806 0.95696 0.38044 0.9933066666666667 0.38044 0.9966666666666667 0.38044 0.9983466666666666 0.34668 0.9991733333333334
0 0.50408 0.99632 0.51618 0.9712533333333334 0.52128 0.96616 0.5295599999999999 0.9597866666666667 0.53818 0.9606133333333334 0.54104 0.95424 0.5464600000000001 0.9529866666666666 0.5534600000000001 0.9606133333333334 0.5541 0.9686933333333333 0.5515599999999999 0.9742133333333333 0.54772 0.9797333333333332 0.54486 0.9818666666666667 0.5467799999999999 0.9907733333333334 0.55028 0.9992800000000001 0.53944 0.9997066666666666 0.54104 0.9933333333333333 0.53722 0.9852533333333334 0.5314800000000001 0.9920533333333332 0.5314800000000001 0.998 0.50248 0.9992800000000001
0 0.40396 0.9523466666666667 0.4013 0.93456 0.40396 0.9305066666666667 0.40206000000000003 0.9238933333333332 0.4032 0.9208266666666667 0.40816 0.92032 0.41006 0.9259200000000001 0.41312 0.9325333333333333 0.41312 0.9447466666666666 0.4093 0.9467733333333334
0 0.9585 0.8707466666666666 0.9561000000000001 0.85752 0.9521799999999999 0.8462933333333333 0.95308 0.8354666666666667 0.94948 0.8230666666666666 0.9404600000000001 0.8214400000000001 0.93986 0.8402933333333333 0.94226 0.86192 0.94498 0.8771466666666666 0.95098 0.8771466666666666
0 0.20554 0.9192800000000001 0.20104 0.912 0.2041 0.9053599999999999 0.20715999999999998 0.8963466666666666 0.21004 0.8894933333333334 0.21325999999999998 0.8937866666666667 0.21422 0.9029866666666667 0.21518 0.9087733333333334 0.21566 0.9194933333333334 0.21052 0.9242133333333333 0.2065 0.9222666666666667
