0 0.12402810304449649 1.0 0.1217096018735363 0.971078125 0.10318501170960188 0.9618125 0.10318501170960188 0.9432656250000001 0.11243559718969555 0.909265625 0.11707259953161593 0.89534375 0.12402810304449649 0.882984375 0.13562060889929742 0.87834375 0.1495081967213115 0.852078125 0.17035128805620608 0.865984375 0.17266978922716628 0.882984375 0.17266978922716628 0.886078125 0.181943793911007 0.89534375 0.17498829039812647 0.9200781250000001 0.17266978922716628 0.93553125 0.17035128805620608 0.950984375 0.181943793911007 0.98190625 0.181943793911007 0.9973593749999999 0.181943793911007 1.0
0 0.8314519906323184 1.0 0.8314519906323184 0.9745781250000001 0.8165105386416861 0.958796875 0.8015925058548009 0.9505000000000001 0.7754566744730679 0.9505000000000001 0.7530679156908665 0.95796875 0.7493208430913348 0.9679375 0.7431147540983607 0.9770625000000001 0.7431147540983607 1.0
0 0.7904918032786886 0.79553125 0.7966978922716628 0.79553125 0.7880093676814989 0.774 0.7880093676814989 0.77896875 0.7818032786885245 0.77896875 0.786768149882904 0.75909375 0.7929742388758783 0.754953125 0.7929742388758783 0.748328125 0.8041451990632319 0.7474999999999999 0.8066276346604215 0.7541249999999999 0.8066276346604215 0.754953125 0.810351288056206 0.75909375 0.8165573770491804 0.7706875 0.8128337236533958 0.77565625 0.8066276346604215 0.77234375 0.8053864168618267 0.8005000000000001 0.795456674473068 0.798015625
0 0.6730444964871194 0.71003125 0.6747072599531616 0.6993437499999999 0.6752693208430913 0.693984375 0.677751756440281 0.6919531250000001 0.6791334894613583 0.688078125 0.6785714285714286 0.680515625 0.6766510538641687 0.6775625 0.6725058548009368 0.6759062499999999 0.6738875878220141 0.673328125 0.6716627634660421 0.670375 0.6650351288056207 0.671484375 0.6647540983606558 0.674984375 0.6655737704918032 0.677203125 0.6625292740046838 0.678671875 0.6694613583138174 0.680703125 0.6697189695550352 0.6853125 0.6653161592505854 0.6853125 0.6664168618266979 0.69121875 0.6672365339578455 0.6934375 0.666135831381733 0.695640625 0.6650351288056207 0.6976718749999999 0.6630913348946136 0.701546875 0.6647540983606558 0.707453125 0.6636533957845433 0.7105937499999999 0.6675175644028103 0.7046875 0.6675175644028103 0.699515625 0.66807962529274 0.6952812500000001 0.6694613583138174 0.6965625 0.6691803278688525 0.701359375 0.66807962529274 0.70634375 0.6688992974238877 0.709484375 0.6688992974238877 0.710953125
0 0.6560655737704918 0.6951562499999999 0.6547306791569086 0.7036875 0.6555269320843092 0.710265625 0.6592505854800936 0.7104375 0.6613817330210774 0.7031562499999999 0.6611241217798595 0.700484375 0.6629976580796253 0.7051093749999999 0.663255269320843 0.710265625 0.664847775175644 0.708484375 0.6627166276346604 0.702265625 0.6645901639344262 0.6969218749999999 0.6667213114754098 0.694265625 0.6661826697892271 0.690359375 0.6667213114754098 0.6852031249999999 0.668056206088993 0.685015625 0.6683138173302108 0.68075 0.663255269320843 0.678984375 0.6659250585480094 0.677375 0.6651288056206088 0.672765625 0.6629976580796253 0.6702656250000001 0.6592505854800936 0.67009375 0.6566042154566745 0.672578125 0.6566042154566745 0.67703125 0.6576580796252928 0.6775625 0.6560655737704918 0.678984375 0.6533957845433255 0.68484375 0.6560655737704918 0.686625 0.6539344262295083 0.69053125 0.6547306791569086 0.694078125
0 0.42700234192037473 0.7187812499999999 0.40252927400468386 0.722546875 0.4100468384074942 0.7012031249999999 0.41946135831381737 0.696171875
0 0.6292505854800937 0.6704375 0.6349882903981264 0.6746875 0.6349882903981264 0.6780781250000001 0.6400702576112413 0.683171875 0.6400702576112413 0.686578125 0.6349882903981264 0.68996875 0.6368852459016393 0.69465625 0.6343559718969555 0.698890625 0.6349882903981264 0.705265625 0.6349882903981264 0.7099375 0.62480093676815 0.7099375 0.6184309133489461 0.709515625 0.621615925058548 0.704421875 0.6171428571428571 0.695078125 0.6196955503512881 0.684875 0.622248243559719 0.67978125 0.6260655737704918 0.6746875 0.6286182669789228 0.670015625
0 0.48740046838407497 0.7012031249999999 0.48995316159250585 0.690984375 0.49121779859484777 0.688015625 0.4925058548009368 0.68246875 0.4925058548009368 0.6790625 0.4925058548009368 0.6765156250000001 0.4880327868852459 0.67140625 0.48995316159250585 0.666296875 0.48995316159250585 0.665015625 0.4867447306791569 0.65778125 0.4810070257611241 0.656921875 0.4733489461358314 0.6599062499999999 0.46887587822014054 0.663734375 0.46887587822014054 0.667578125 0.47271662763466044 0.6739531249999999 0.47079625292740046 0.684609375 0.4720843091334895 0.690984375 0.47463700234192036 0.6952499999999999 0.47463700234192036 0.699078125 0.47590163934426233 0.7029062500000001 0.48484777517564404 0.704609375 0.48740046838407497 0.7037656250000001
0 0.2595316159250585 0.754734375 0.2602107728337236 0.739 0.24634660421545668 0.734375 0.2574473067915691 0.721421875 0.25606557377049183 0.71540625 0.2650585480093677 0.710765625 0.26854800936768153 0.71725 0.2782435597189696 0.725578125 0.2782435597189696 0.730671875 0.28170960187353633 0.742703125 0.27477751756440283 0.74825 0.275480093676815 0.7598125 0.26229508196721313 0.76075 0.2595316159250585 0.758890625
0 0.9657845433255269 0.7248593750000001 0.9802810304449648 0.7287343749999999 0.9831850117096018 0.72034375 0.9754566744730678 0.713890625 0.9706088992974239 0.7145312500000001 0.971592505854801 0.7184062499999999 0.971592505854801 0.7184062499999999
0 0.30777517564402807 0.718078125 0.30655737704918035 0.71075 0.30655737704918035 0.706265625 0.30868852459016394 0.7030000000000001 0.31266978922716626 0.70096875 0.314192037470726 0.6989375 0.3169320843091335 0.6966875 0.32213114754098365 0.6971093749999999 0.3230444964871194 0.699546875 0.3230444964871194 0.700359375 0.32243559718969556 0.7023906249999999 0.32028103044496486 0.703828125 0.3190632318501171 0.703828125 0.3199765807962529 0.7060625 0.32243559718969556 0.710140625 0.32334894613583137 0.712984375 0.32334894613583137 0.7168593750000001 0.3132786885245902 0.715828125
0 0.14997658079625295 0.731453125 0.14997658079625295 0.71921875 0.15201405152224823 0.709265625 0.15405152224824356 0.6979375 0.1560889929742389 0.691609375 0.14997658079625295 0.687078125 0.14046838407494144 0.684359375 0.1343559718969555 0.690703125 0.1302810304449649 0.6974843749999999 0.13639344262295083 0.7015625 0.1316393442622951 0.711078125 0.13707259953161594 0.721484375 0.14114754098360657 0.72646875 0.13911007025761124 0.729640625 0.13775175644028104 0.7323593749999999
0 0.19585480093676813 0.7220625 0.21046838407494145 0.726328125 0.21229508196721314 0.718390625 0.21229508196721314 0.71290625 0.2086416861826698 0.70925 0.20772833723653397 0.704375 0.20133489461358314 0.7037656250000001 0.2004215456674473 0.7068125000000001 0.2004215456674473 0.709859375 0.19676814988290398 0.706203125 0.19128805620608902 0.707421875 0.19402810304449647 0.713515625 0.19585480093676813 0.7165625
