0 0.36096875 0.5539375 0.364234375 0.5481250000000001 0.366859375 0.542875 0.37034375 0.5393958333333334 0.37296874999999996 0.5338541666666666 0.3731875 0.5280416666666666 0.375359375 0.5222291666666666 0.37951562499999997 0.5158333333333334 0.38278124999999996 0.51525 0.38453125 0.51525 0.388671875 0.5161250000000001 0.39042187500000003 0.5184375 0.39303125 0.5309583333333333 0.39303125 0.5370625 0.39521875 0.5411458333333333 0.395 0.5495625000000001 0.39325 0.5539375 0.390859375 0.5565625 0.38670312500000004 0.557125 0.373625 0.5577083333333334 0.36271875 0.5565625
0 0.4018125 0.30235416666666665 0.399296875 0.30052083333333335 0.396078125 0.29622916666666665 0.395171875 0.29410416666666667 0.391265625 0.2919583333333333 0.389203125 0.29012499999999997 0.388046875 0.2888958333333333 0.388046875 0.2876666666666667 0.39034375 0.2864375 0.3908125 0.28491666666666665 0.390109375 0.2815625 0.387359375 0.27758333333333335 0.385296875 0.275125 0.382546875 0.27297916666666666 0.378640625 0.27329166666666665 0.375890625 0.27420833333333333 0.37428125 0.2760416666666667 0.37359375 0.2781875 0.37084375 0.2809375 0.37015625 0.28247916666666667 0.369 0.2870625 0.369921875 0.29012499999999997 0.369921875 0.2937916666666667 0.370375 0.29622916666666665 0.37107812500000004 0.29714583333333333 0.37107812500000004 0.29808333333333337 0.37129687499999997 0.3002083333333333 0.371984375 0.3041875 0.372671875 0.30541666666666667 0.37290625 0.30541666666666667 0.370375 0.310625 0.369921875 0.3142916666666667 0.3696875 0.3155208333333333 0.36946875 0.31704166666666667 0.36878125 0.3207083333333333 0.36878125 0.32468749999999996 0.369 0.3259166666666667 0.39654687499999997 0.31795833333333334 0.39837500000000003 0.3139791666666667 0.39975 0.3097083333333333 0.40112500000000006 0.3051041666666666 0.40112500000000006 0.30235416666666665
0 0.4301875 0.5394791666666666 0.423890625 0.5287916666666667 0.42560937499999996 0.5188541666666667 0.4365 0.5181041666666667 0.439921875 0.5310833333333334 0.43764062499999995 0.5371875 0.447953125 0.5394791666666666 0.45482812499999997 0.5517083333333334 0.45310937500000004 0.5570625 0.422171875 0.5593541666666667 0.408421875 0.5585833333333333 0.409 0.5486458333333334 0.42675 0.5425416666666667
0 0.33846875 0.29933333333333334 0.346671875 0.29343749999999996 0.35803124999999997 0.30354166666666665 0.35676562500000003 0.3153125 0.36434375 0.32627083333333334 0.3359375 0.3363541666666666 0.33278125 0.32627083333333334
0 0.41685937500000003 0.30216666666666664 0.41968750000000005 0.30691666666666667 0.42189062499999996 0.30854166666666666 0.427171875 0.30691666666666667 0.43071875000000004 0.30216666666666664 0.431578125 0.29627083333333337 0.43060937499999996 0.29268750000000004 0.428890625 0.29022916666666665 0.423234375 0.2854791666666667 0.423234375 0.27745833333333336 0.42484374999999996 0.2743541666666667 0.426546875 0.272875 0.42753125000000003 0.27239583333333334 0.428890625 0.27239583333333334 0.43121875000000004 0.27256250000000004 0.4323125 0.2750208333333333 0.436125 0.27779166666666666 0.436125 0.2859791666666667 0.43759375 0.2900625 0.443234375 0.2918541666666667 0.4458125 0.293 0.448265625 0.29741666666666666 0.4495 0.30347916666666663 0.44421875 0.30445833333333333 0.44164062499999995 0.3065833333333333 0.43134375 0.31018749999999995 0.43071875000000004 0.31018749999999995 0.42262500000000003 0.3111666666666667 0.418953125 0.308375
0 0.47071874999999996 0.2966666666666667 0.474484375 0.28158333333333335 0.47826562499999997 0.2735208333333333 0.477890625 0.2685 0.474484375 0.26095833333333335 0.474484375 0.2554375 0.476 0.2514166666666667 0.484671875 0.246875 0.49259375 0.24989583333333334 0.49334375 0.2569375 0.49371875000000004 0.26547916666666665 0.49409375000000005 0.27704166666666663 0.49409375000000005 0.2845833333333333 0.490328125 0.28862499999999996
0 0.276515625 0.5502708333333334 0.276328125 0.5402916666666666 0.280609375 0.538625 0.283109375 0.538625 0.285609375 0.5374375 0.285609375 0.5321874999999999 0.285609375 0.5272083333333334 0.287390625 0.5217291666666667 0.289890625 0.5183958333333334 0.29203125 0.5179166666666667 0.297203125 0.5179166666666667 0.302375 0.5193541666666667 0.30415625 0.523875 0.305578125 0.5252916666666666 0.305234375 0.5276666666666666 0.304875 0.5321874999999999 0.30290625000000004 0.5345833333333334 0.30148437499999997 0.538375 0.293984375 0.5447916666666667 0.29114062500000004 0.5474166666666667 0.2863125 0.5488541666666666 0.2804375 0.5512291666666667
0 0.22703125000000002 0.36816666666666664 0.23351562499999998 0.341125 0.230546875 0.3339166666666667 0.25109375 0.325625 0.250546875 0.3407708333333333 0.261359375 0.3479791666666667 0.2624375 0.35952083333333335
0 0.45953125000000006 0.5506875 0.458109375 0.5435625000000001 0.45721875 0.537625 0.45739062500000005 0.5361875 0.45775 0.52525 0.457921875 0.5185833333333333 0.46059374999999997 0.5207291666666667 0.462734375 0.5245416666666667 0.466125 0.5285833333333333 0.467375 0.5421250000000001 0.464875 0.5490416666666668 0.46434375 0.5530833333333334 0.459171875 0.5528333333333334
0 0.585171875 0.6481041666666666 0.592609375 0.6442916666666666 0.5823125 0.634375 0.581171875 0.5894166666666667 0.5863125 0.5635 0.6091875 0.5528333333333334 0.610890625 0.6320833333333333 0.604609375 0.6427708333333333 0.606890625 0.6534375 0.588609375 0.6610625
0 0.821484375 0.5163541666666667 0.8190312499999999 0.5240625 0.820625 0.5330416666666667 0.8210625 0.5398958333333332 0.825234375 0.5388958333333334 0.8239531250000001 0.5214791666666667 0.822125 0.5163541666666667 0.821484375 0.5163541666666667
0 0.555046875 0.27308333333333334 0.5538125 0.2631041666666667 0.5530625 0.2555625 0.555046875 0.24558333333333332 0.55840625 0.23845833333333333 0.56925 0.23560416666666667 0.5765781249999999 0.2396875 0.5813125 0.253125 0.58528125 0.26127083333333334
0 0.637828125 0.7227291666666668 0.65515625 0.7331875 0.6680312500000001 0.722 0.671390625 0.6914166666666667 0.673625 0.6481458333333333 0.675859375 0.6033958333333334 0.680890625 0.5452083333333333 0.6764218750000001 0.5310416666666666 0.68034375 0.5004583333333333 0.68034375 0.4907708333333333 0.675859375 0.4907708333333333 0.6680312500000001 0.5019583333333333 0.6657968750000001 0.5220833333333333 0.659640625 0.5496875 0.65515625 0.5713125 0.65684375 0.5989166666666667 0.659078125 0.6250208333333334 0.6546093749999999 0.6414375 0.6546093749999999 0.6481458333333333 0.650125 0.653375 0.643421875 0.675 0.631671875 0.7175208333333334
