0 0.6375 0.7978333333333333 0.6444687499999999 0.7900833333333334 0.65028125 0.7885416666666667 0.65028125 0.7962708333333333 0.65725 0.7978333333333333 0.6560937499999999 0.8272499999999999 0.6514375 0.90625 0.6316875 0.9031666666666667 0.6316875 0.8892291666666666 0.629359375 0.8830208333333334 0.632859375 0.8613333333333333 0.632859375 0.8582291666666666
0 0.7621249999999999 0.9325416666666667 0.7613125000000001 0.92375 0.7571875 0.92375 0.753890625 0.9160625 0.754703125 0.9072708333333334 0.758015625 0.9061666666666667 0.758828125 0.9061666666666667 0.76790625 0.9017708333333334 0.7835625 0.9138541666666666 0.78603125 0.9204583333333333 0.7868593749999999 0.9281458333333333 0.7868593749999999 0.9325416666666667 0.784390625 0.9369375000000001 0.782734375 0.9380416666666667 0.7852187500000001 0.9413333333333332 0.78603125 0.9446458333333333 0.77696875 0.9413333333333332 0.77284375 0.9413333333333332 0.76625 0.9435416666666666 0.76378125 0.9424375 0.75965625 0.94025 0.76625 0.93475 0.76625 0.93475 0.76378125 0.9259583333333333
0 0.987109375 0.8661458333333333 0.987109375 0.863375 0.98784375 0.8615833333333334 0.9899374999999999 0.8615833333333334 0.991046875 0.8620625000000001 0.9919062500000001 0.863375 0.9916562499999999 0.8645208333333334 0.9916562499999999 0.865 0.9928750000000001 0.8669791666666666 0.9928750000000001 0.8695833333333333 0.993 0.8720416666666666 0.993 0.8738333333333334 0.993 0.8767916666666667 0.993 0.8812083333333334 0.993 0.8836666666666667 0.9935 0.8862708333333333 0.9935 0.8900416666666667 0.9935 0.8913541666666667 0.98809375 0.8900416666666667 0.98796875 0.8921666666666667 0.98796875 0.8936458333333334 0.986015625 0.8934791666666667 0.9856406249999999 0.8900416666666667 0.9856406249999999 0.8831666666666667 0.986015625 0.8790833333333333 0.98675 0.8731875 0.9872343750000001 0.8653333333333334
0 0.61990625 0.8670000000000001 0.60859375 0.8700208333333334 0.6010625 0.8162291666666667 0.6021875 0.8051666666666667 0.60746875 0.7885624999999999 0.616890625 0.7890625 0.6184062499999999 0.8026458333333333 0.616140625 0.8227708333333333 0.615765625 0.8448958333333334
0 0.52778125 0.8265833333333333 0.527875 0.8216875 0.5276875000000001 0.8193750000000001 0.525578125 0.8175416666666667 0.52503125 0.8159375 0.52521875 0.812875 0.525125 0.8098333333333334 0.5238437499999999 0.8082291666666667 0.522734375 0.8078749999999999 0.5213593750000001 0.808125 0.519984375 0.8095833333333334 0.51925 0.8119166666666667 0.519890625 0.8147291666666666 0.5202656250000001 0.8161875 0.51953125 0.8166666666666667 0.5176875 0.8181458333333332 0.516046875 0.8185 0.515859375 0.8219375 0.516140625 0.8245 0.51640625 0.8259583333333332 0.51640625 0.8262083333333333
0 0.33584375 0.8205208333333334 0.3329375 0.8150833333333334 0.330609375 0.8117291666666666 0.329828125 0.8081041666666666 0.330609375 0.8034583333333334 0.3329375 0.7993333333333333 0.3350625 0.7988125 0.335640625 0.793125 0.3389375 0.7892499999999999 0.34146875 0.7959583333333333 0.343203125 0.800625 0.34573437500000004 0.8070833333333333 0.344953125 0.8114791666666666 0.3424375 0.8150833333333334
0 0.9520625 0.8901458333333333 0.951734375 0.8811666666666667 0.94828125 0.8791875 0.947140625 0.8759166666666667 0.947140625 0.8686875000000001 0.9479531250000001 0.865625 0.949921875 0.8610208333333333 0.9532031249999999 0.8581875 0.9546875 0.8625624999999999 0.95140625 0.865625 0.9523906249999999 0.8684791666666667 0.9553437499999999 0.8706666666666667 0.95615625 0.8754791666666667 0.9551718749999999 0.8789791666666668 0.95665625 0.8820416666666666 0.9555 0.8846666666666666 0.953375 0.8901458333333333
0 0.8241250000000001 0.9108333333333333 0.818171875 0.9126666666666666 0.8161093749999999 0.8952708333333333 0.8135937500000001 0.8934375 0.8145 0.9111458333333334 0.8078749999999999 0.90625 0.806265625 0.8848958333333333 0.801921875 0.880625 0.8058125 0.8775625 0.8042031250000001 0.8720625 0.799390625 0.8540625 0.8014531249999999 0.8476458333333333 0.805578125 0.8467291666666666 0.8046562500000001 0.8393958333333333 0.80603125 0.8357500000000001 0.8122187500000001 0.8354374999999999 0.813828125 0.8391041666666667 0.8165625000000001 0.8454999999999999 0.81840625 0.8497916666666666 0.8216093750000001 0.851625 0.821140625 0.8574166666666667 0.8186249999999999 0.8595416666666666 0.8216093750000001 0.8839791666666666
0 0.9594531249999999 0.8620833333333333 0.959296875 0.8596458333333333 0.9605312500000001 0.8584166666666667 0.96190625 0.8582291666666666 0.963125 0.8598541666666667 0.96328125 0.8625 0.9641875000000001 0.8651458333333333 0.9649531250000001 0.8671875 0.9655625000000001 0.8741041666666667 0.965265625 0.8777708333333333 0.964796875 0.8828541666666666 0.965265625 0.8859166666666667 0.965265625 0.8891666666666667 0.9637343749999999 0.8895833333333333 0.9628125000000001 0.8861249999999999 0.96175 0.8834583333333333 0.959765625 0.8832708333333333 0.959296875 0.8777708333333333 0.959296875 0.8749166666666667 0.9594531249999999 0.8726666666666667 0.96190625 0.8728750000000001 0.9644999999999999 0.8714583333333333 0.9651093749999999 0.8690208333333334 0.9628125000000001 0.8625 0.961296875 0.8625 0.959609375 0.8625
0 0.498109375 0.8304375 0.498109375 0.8177708333333332 0.493078125 0.8050833333333334 0.485796875 0.8050833333333334 0.485796875 0.8132916666666666 0.48020312499999995 0.8289583333333332
0 0.79490625 0.9052916666666667 0.798359375 0.905625 0.798625 0.8703541666666667 0.7980937499999999 0.8474166666666666 0.79596875 0.8396458333333333 0.7930625 0.8347083333333334 0.787765625 0.834 0.7872343749999999 0.8428333333333333 0.785921875 0.8523541666666666 0.7875 0.8728125 0.788296875 0.8795208333333334 0.7906718749999999 0.8883541666666667 0.79146875 0.8985833333333333 0.791734375 0.9070416666666666
0 0.878578125 0.8649583333333334 0.88028125 0.8613541666666666 0.88340625 0.8603958333333334 0.883125 0.8543333333333333 0.884828125 0.8528125000000001 0.887109375 0.8541458333333334 0.8872500000000001 0.8594583333333333 0.8898125 0.8605833333333333 0.8906562499999999 0.8668541666666666 0.8888125 0.8681666666666668 0.8889531249999999 0.8732916666666667 0.8910781249999999 0.8772708333333333 0.8909375 0.8863749999999999 0.889234375 0.8882708333333333 0.88696875 0.8884583333333332 0.88653125 0.8814375 0.8832656249999999 0.8795416666666667 0.88184375 0.87425 0.881984375 0.8715833333333334 0.8822656249999999 0.8662708333333333 0.879703125 0.869125 0.8779999999999999 0.8655208333333333
0 0.8946875000000001 0.8576041666666666 0.894203125 0.8521041666666667 0.897359375 0.8540416666666667 0.8980937499999999 0.8569583333333333 0.904421875 0.868 0.896875 0.8706041666666666 0.893953125 0.8673541666666666 0.893703125 0.8592291666666667
