0 0.8884470588235294 0.454703125 0.9053882352941177 0.448140625 0.8940941176470588 0.42185937500000004 0.9138823529411764 0.39559375 0.9732235294117647 0.39465625000000004 0.9887529411764706 0.440625 1.0 0.490359375 0.9873411764705883 0.5795 0.9562588235294118 0.641421875 0.953435294117647 0.68646875 0.9435529411764706 0.7193125 0.9200235294117647 0.740890625 0.9018823529411765 0.71559375 0.9272705882352941 0.655390625 0.9671764705882353 0.545796875 0.9037176470588235 0.484375 0.8928235294117647 0.45307812500000005
0 0.7412941176470589 0.387703125 0.7501882352941176 0.362109375 0.768964705882353 0.35226562499999997 0.7907058823529413 0.364734375 0.7907058823529413 0.381796875 0.8015764705882353 0.398859375
0 0.674470588235294 0.4984375 0.6839764705882353 0.48267187500000003 0.6934588235294118 0.477140625 0.6815764705882353 0.4298125 0.6447764705882353 0.44243750000000004 0.6115058823529411 0.444015625 0.6032000000000001 0.436125 0.6721882352941176 0.41576562499999997 0.6753176470588235 0.41159375000000004 0.7035529411764706 0.412640625 0.6956941176470589 0.39703125 0.7051058823529412 0.382453125 0.7192235294117647 0.379328125 0.7388235294117647 0.38609375 0.730964705882353 0.41003125 0.742729411764706 0.4105625 0.7333176470588236 0.45375 0.7059058823529412 0.493828125 0.6776705882352941 0.5063125
0 0.8442352941176471 0.44214062500000006 0.8520235294117647 0.43760937499999997 0.8578823529411765 0.43307812500000004 0.8578823529411765 0.42856249999999996 0.8539764705882353 0.4136875 0.8607999999999999 0.394921875 0.8695529411764706 0.39234375 0.8783294117647059 0.38975 0.8919529411764705 0.38651562500000003 0.9056 0.39428125 0.8948941176470588 0.39815625 0.8929411764705882 0.403984375 0.8909882352941176 0.40721875 0.8909882352941176 0.41496875 0.8909882352941176 0.422734375 0.8939058823529412 0.42532812499999995 0.8987764705882353 0.431140625 0.9016941176470589 0.438265625 0.9016941176470589 0.444734375 0.8978117647058823 0.44925 0.8861176470588236 0.458953125 0.8812470588235294 0.46478125 0.8763764705882352 0.474484375 0.8705411764705883 0.47771875 0.8637176470588235 0.4841875 0.8588470588235294 0.486765625 0.8481411764705882 0.482890625 0.839364705882353 0.47578125 0.8364470588235294 0.466078125 0.8354823529411765 0.45378125 0.8384 0.446671875 0.8384 0.444078125
0 0.5759058823529412 0.49946875 0.6023058823529411 0.5155937500000001 0.6044235294117647 0.536640625 0.656164705882353 0.5520625 0.6477176470588235 0.5071718749999999 0.623435294117647 0.474921875 0.6065176470588235 0.46299999999999997 0.5991294117647059 0.4889375
0 0.6103529411764705 0.43832812499999996 0.6642588235294118 0.42242187500000006 0.6564470588235294 0.41568750000000004 0.6550588235294117 0.4101875 0.6527529411764706 0.40559375 0.6476705882352941 0.40223437500000003 0.6416941176470589 0.39856250000000004 0.644 0.39275000000000004 0.6467529411764706 0.386625 0.6449176470588235 0.3808125 0.6426117647058824 0.38020312500000003 0.6356941176470589 0.3780625 0.6278823529411766 0.378375 0.6297176470588235 0.383265625 0.6255764705882353 0.38937499999999997 0.6204941176470588 0.391828125 0.6135999999999999 0.399171875 0.6135999999999999 0.404984375
0 0.6442352941176471 0.3976875 0.6517882352941177 0.393015625 0.6474823529411765 0.38656250000000003 0.6447764705882353 0.38296874999999997 0.6469411764705882 0.37507812500000004 0.6496235294117646 0.36825 0.6626117647058823 0.36646875 0.6739529411764706 0.36825 0.6766588235294118 0.37865625 0.679364705882353 0.38692187499999997 0.688 0.393015625 0.6944941176470589 0.40056250000000004 0.6961176470588236 0.40378125000000004 0.6863764705882353 0.4059375 0.688 0.41096875 0.6772 0.41096875 0.6679999999999999 0.4185 0.6609882352941177 0.41814062500000004 0.6561176470588236 0.40881249999999997 0.6517882352941177 0.40378125000000004 0.6480235294117648 0.400203125
0 0.6775058823529412 0.38228125 0.683364705882353 0.372453125 0.6892235294117648 0.3685625 0.6962117647058823 0.36875 0.7068235294117646 0.372640625 0.712964705882353 0.37671875 0.7132235294117647 0.380046875 0.7093176470588235 0.382453125 0.7023529411764706 0.38801562500000003 0.6984470588235293 0.39635937499999996 0.6959294117647058 0.398953125 0.7004 0.40265625 0.6978823529411765 0.4058125 0.6942588235294118 0.40173437500000003 0.6886823529411764 0.393203125 0.6797411764705882 0.388578125
0 0.8416941176470589 0.404171875 0.8370352941176471 0.40003124999999995 0.8370352941176471 0.370828125 0.8397647058823529 0.36203124999999997 0.8467529411764706 0.357125 0.8541647058823529 0.35350000000000004 0.862729411764706 0.347296875 0.8681647058823531 0.34445312499999997 0.8767294117647059 0.344203125 0.8845176470588235 0.349890625 0.8849176470588235 0.355828125 0.8720705882352942 0.36409375 0.8763529411764706 0.36926562500000004 0.8880235294117648 0.367984375 0.8981411764705882 0.366171875 0.909435294117647 0.36746875 0.912164705882353 0.372625 0.9071058823529411 0.37703125000000004 0.8934823529411765 0.38296874999999997 0.8736235294117648 0.38296874999999997 0.8771294117647058 0.39046875000000003 0.8595999999999999 0.395890625 0.8529882352941176 0.411921875 0.8564941176470589 0.423296875 0.8564941176470589 0.433625 0.8444235294117647 0.44164062499999995 0.8405411764705882 0.420703125 0.8397647058823529 0.415796875 0.8401411764705883 0.411921875
0 0.7451058823529412 0.420546875 0.7414117647058824 0.41779687499999996 0.7428 0.40620312500000005 0.7483058823529412 0.400703125 0.7634823529411765 0.396125 0.7717647058823529 0.396734375 0.7896941176470589 0.40254687499999997 0.7961176470588236 0.407421875
0 0.6398352941176471 0.577453125 0.6151294117647059 0.593125 0.5780470588235294 0.601328125 0.5701882352941177 0.5826718750000001 0.5466117647058824 0.58640625 0.5432470588235294 0.6028125 0.5679529411764705 0.6259375 0.6061411764705883 0.6281718749999999 0.6319764705882353 0.61996875 0.6768941176470589 0.601328125 0.7004941176470588 0.58565625 0.6813882352941176 0.601328125 0.6679058823529412 0.616984375 0.6656705882352941 0.634140625 0.669035294117647 0.651296875 0.6825176470588236 0.6714375 0.6780235294117648 0.70128125 0.6870117647058824 0.72365625 0.7195764705882353 0.7184375000000001 0.7252 0.737828125 0.7207058823529412 0.7460312499999999 0.7398117647058824 0.7505 0.7678823529411766 0.7400625 0.7667529411764706 0.7161875 0.7880941176470588 0.7176875 0.7757411764705883 0.7229062500000001 0.7779999999999999 0.737078125 0.7948470588235295 0.725890625 0.810564705882353 0.719921875 0.8319058823529412 0.725140625 0.8487529411764706 0.731859375 0.862235294117647 0.698296875 0.8925647058823529 0.561796875 0.9058352941176471 0.54371875 0.9211529411764706 0.525625 0.9211529411764706 0.505265625 0.8768941176470588 0.49509375 0.8360235294117647 0.48265624999999995 0.8445411764705882 0.475875 0.8343294117647059 0.43065625 0.8053882352941177 0.415953125 0.756 0.420484375 0.7389882352941176 0.446484375 0.7457882352941176 0.47474999999999995 0.7611058823529412 0.486046875 0.7236705882352942 0.49396874999999996 0.6828 0.523359375 0.6351294117647059 0.58440625
0 0.6553411764705882 0.38601562500000003 0.6456941176470589 0.38601562500000003 0.6442117647058824 0.39192187500000003 0.6405176470588236 0.399296875 0.6456941176470589 0.399296875 0.6523764705882352 0.395859375
