0 0.6191599999999999 0.50168 0.5987 0.5192 0.6191599999999999 0.5649866666666666 0.62134 0.58736 0.62574 0.59712 0.64252 0.5961333333333334 0.6564 0.5941866666666666 0.66298 0.6194933333333333 0.65786 0.6156 0.64838 0.6126933333333333 0.62354 0.6156 0.6052799999999999 0.5951733333333333 0.6031 0.6019733333333334 0.61112 0.6292533333333333 0.6140399999999999 0.63216 0.61186 0.64288 0.5943200000000001 0.6409333333333334 0.59286 0.6350933333333333 0.60236 0.63216 0.59724 0.6185333333333333 0.59286 0.6126933333333333 0.5892200000000001 0.6019733333333334 0.5943200000000001 0.5902933333333333 0.59068 0.564 0.58776 0.5445333333333333 0.58484 0.5201866666666667 0.58848 0.50752 0.5892200000000001 0.49584 0.6140399999999999 0.5036266666666667
0 0.6656 0.34037333333333336 0.66354 0.2999466666666667 0.666 0.27808 0.6643600000000001 0.26224000000000003 0.66026 0.2540533333333333 0.6577999999999999 0.24312 0.65166 0.2409333333333333 0.6500199999999999 0.24749333333333334 0.64838 0.2545866666666667 0.64878 0.26442666666666664 0.6496000000000001 0.27098666666666665 0.6492 0.27536 0.64838 0.28082666666666667 0.64674 0.28354666666666667 0.6447 0.28245333333333333 0.64346 0.2758933333333333 0.64224 0.28136 0.6451 0.2901066666666667 0.64798 0.29504 0.64878 0.30104 0.64798 0.31088 0.6496000000000001 0.31744 0.6524800000000001 0.32509333333333335 0.6549400000000001 0.33218666666666663 0.6574 0.34312 0.66518 0.34365333333333337 0.66642 0.34256000000000003 0.6668200000000001 0.33984
0 0.81598 0.09285333333333333 0.81724 0.08544 0.81974 0.08544 0.81992 0.07658666666666666 0.82352 0.07397333333333334 0.82852 0.07658666666666666 0.8303200000000001 0.08448 0.8314 0.09069333333333333 0.8360599999999999 0.1 0.83784 0.10885333333333333 0.83696 0.11482666666666667 0.83284 0.11650666666666666 0.82836 0.11816 0.82656 0.11768 0.8262 0.12605333333333335 0.82782 0.13154666666666667 0.82836 0.13632 0.82674 0.13872 0.82262 0.13968 0.82352 0.12866666666666668 0.8242200000000001 0.11170666666666666 0.82404 0.09858666666666667 0.82316 0.09402666666666666
0 0.7919400000000001 0.09114666666666667 0.8132 0.09176 0.81388 0.08962666666666666 0.8148 0.08658666666666666 0.81548 0.08506666666666667 0.8157000000000001 0.08384 0.8134199999999999 0.08261333333333333 0.81296 0.08141333333333334 0.8116 0.07866666666666666 0.81228 0.07378666666666667 0.81388 0.06922666666666667 0.8143400000000001 0.06677333333333334 0.81388 0.06373333333333334 0.81136 0.0616 0.8065599999999999 0.060693333333333335 0.802 0.061919999999999996 0.8004 0.06344 0.79948 0.06496 0.79834 0.06770666666666666 0.7972 0.07165333333333333 0.79698 0.07349333333333333 0.79698 0.07469333333333333 0.79674 0.07714666666666667 0.7931 0.07989333333333333 0.79218 0.08170666666666666 0.7919400000000001 0.08626666666666667 0.7919400000000001 0.08749333333333334
0 0.84346 0.10141333333333334 0.83774 0.11472 0.82594 0.14149333333333333 0.8382200000000001 0.15106666666666665 0.8515199999999999 0.15106666666666665 0.85766 0.12786666666666668 0.85868 0.11557333333333335 0.85664 0.10058666666666666
0 0.7263999999999999 0.12136 0.73988 0.08538666666666668 0.73988 0.03370666666666667 0.7045 0.06965333333333333 0.7146 0.13034666666666667 0.72978 0.13034666666666667
0 0.58152 0.12597333333333333 0.57938 0.10381333333333333 0.5840599999999999 0.09642666666666666 0.5870599999999999 0.09186666666666668 0.58492 0.08277333333333334 0.58748 0.07709333333333333 0.59216 0.07653333333333333 0.59472 0.08221333333333333 0.59516 0.09186666666666668 0.60368 0.09698666666666667 0.6088 0.11175999999999998 0.60452 0.13050666666666666 0.59984 0.12824000000000002 0.59984 0.118 0.59822 0.11474666666666666 0.59554 0.11306666666666666 0.5923999999999999 0.11327999999999999 0.58958 0.116 0.58988 0.11957333333333334 0.5905199999999999 0.12397333333333334 0.58784 0.12354666666666667 0.58438 0.1244 0.58282 0.12565333333333334 0.58266 0.12605333333333335
0 0.408 0.9270666666666666 0.40866 0.9377333333333333 0.406 0.9466133333333334 0.42031999999999997 0.9594666666666667 0.41866000000000003 0.9834400000000001 0.41731999999999997 0.9901066666666667 0.41366 0.9896533333333334 0.406 0.98256 0.39868000000000003 0.9798933333333333 0.38902 0.9949866666666667 0.37604000000000004 0.9909866666666667 0.3757 0.9838933333333333 0.38204000000000005 0.9594666666666667 0.39402 0.94616 0.39268000000000003 0.9394933333333333 0.39102 0.9261866666666666 0.39668000000000003 0.9199733333333333 0.403 0.91952 0.40666 0.9257333333333333
0 0.59058 0.1268 0.5901000000000001 0.11650666666666666 0.5953999999999999 0.11008 0.5982999999999999 0.11650666666666666 0.60022 0.1268 0.60696 0.13706666666666667 0.60696 0.14413333333333334 0.60166 0.14736 0.5901000000000001 0.148 0.5824 0.14413333333333334 0.57998 0.14221333333333333 0.57998 0.13322666666666666 0.58866 0.12293333333333334
0 0.24834 0.9917333333333332 0.26483999999999996 0.9999733333333334 0.28543999999999997 1.0 0.28574 0.9870133333333333 0.2828 0.98152 0.26983999999999997 0.9795466666666667 0.27072 0.97288 0.27042 0.9654133333333332 0.26454 0.9575733333333333 0.25776 0.956 0.25306 0.96384 0.25128 0.9787733333333334 0.25216 0.9850399999999999 0.24922 0.9917333333333332 0.24922 0.9917333333333332
0 0.23248 0.97448 0.23462 0.9639466666666667 0.24396 0.9582133333333333 0.25186000000000003 0.97256 0.25042 0.9897866666666667 0.24825999999999998 0.9965066666666667 0.21956 0.9974666666666667 0.22169999999999998 0.9840533333333333 0.23104 0.9821333333333334 0.23104 0.9735199999999999
0 0.5535 0.21818666666666664 0.56626 0.22272 0.56114 0.23178666666666667 0.5705 0.25104 0.5654 0.28618666666666664 0.5654 0.30432000000000003 0.5552 0.2929866666666667 0.54414 0.30546666666666666 0.545 0.2827733333333334 0.53904 0.26464 0.5398999999999999 0.24765333333333334 0.5475399999999999 0.23744 0.5475399999999999 0.21477333333333334 0.55264 0.22045333333333333
