0 0.47790625000000003 0.43833333333333335 0.477796875 0.4412291666666667 0.47648437499999996 0.4444166666666666 0.47562499999999996 0.4464375 0.475515625 0.4502083333333333 0.48378125 0.45035416666666667 0.48432812500000005 0.44935416666666667 0.48432812500000005 0.4473125 0.48224999999999996 0.44427083333333334 0.48224999999999996 0.4419583333333333 0.482578125 0.43716666666666665 0.481609375 0.43556249999999996 0.48084375 0.43483333333333335 0.47953124999999996 0.4347083333333333 0.478671875 0.43497916666666664 0.478125 0.43643750000000003 0.47834374999999996 0.43804166666666666
0 0.42846875000000006 0.4314791666666667 0.42787499999999995 0.4341666666666667 0.42746874999999995 0.4373958333333333 0.42604687500000005 0.4395625 0.42403124999999997 0.4436041666666667 0.4270625 0.4452083333333333 0.43029687499999997 0.4452083333333333 0.432109375 0.44306249999999997 0.4323125 0.4365833333333333 0.4323125 0.4344375 0.43150000000000005 0.4314791666666667
0 0.408234375 0.44602083333333337 0.40759375000000003 0.4437083333333333 0.408234375 0.44022916666666667 0.409109375 0.43864583333333335 0.41051562500000005 0.43864583333333335 0.41084375 0.43387499999999996 0.41334375 0.433 0.41496875 0.4345833333333333 0.415296875 0.43662500000000004 0.41507812499999996 0.43835416666666666 0.41637500000000005 0.439375 0.4168125 0.4399375 0.41779687499999996 0.44327083333333334 0.41790625 0.44485416666666666 0.41714062500000004 0.4463125 0.41420312499999995 0.44645833333333335 0.410953125 0.4463125 0.40856250000000005 0.4466041666666667
0 0.360484375 0.44647916666666665 0.35926562500000003 0.4391875 0.360484375 0.4324375 0.36150000000000004 0.4308125 0.36190625 0.4265 0.364328125 0.42568750000000005 0.366765625 0.4313541666666667 0.370609375 0.43837499999999996 0.368578125 0.44675 0.360890625 0.44566666666666666
0 0.48442187499999995 0.44416666666666665 0.48507812499999997 0.4406666666666667 0.48482812500000005 0.43943750000000004 0.48482812500000005 0.43804166666666666 0.485546875 0.43697916666666664 0.48587499999999995 0.43662500000000004 0.48706250000000006 0.43654166666666666 0.48870312499999996 0.43777083333333333 0.48909375 0.43812500000000004 0.488375 0.44075000000000003 0.48778125 0.4424166666666667 0.48896875 0.4439166666666667 0.48921875000000004 0.44504166666666667 0.48921875000000004 0.44635416666666666 0.490078125 0.44777083333333334 0.49021875000000004 0.4487291666666666 0.48981250000000004 0.4522291666666666 0.4885 0.45241666666666663 0.485734375 0.45241666666666663 0.485609375 0.44741666666666663 0.485609375 0.4467916666666667 0.48528125 0.44583333333333336 0.48462500000000003 0.44487499999999996
0 0.52196875 0.455 0.52146875 0.45127083333333334 0.51896875 0.4484583333333333 0.51865625 0.44779166666666664 0.5190625 0.4440625 0.51715625 0.4417916666666667 0.51465625 0.4437916666666667 0.5134531250000001 0.44579166666666664 0.5134531250000001 0.4483333333333333 0.5134531250000001 0.451125 0.5133593750000001 0.453125 0.5133593750000001 0.455125 0.5133593750000001 0.45579166666666665
0 0.49496874999999996 0.452625 0.49898437500000004 0.4535208333333333 0.500421875 0.45275 0.501 0.44879166666666664 0.501 0.44610416666666663 0.49995312500000005 0.44266666666666665 0.49995312500000005 0.4392083333333333 0.498609375 0.43716666666666665 0.49524999999999997 0.43552083333333336 0.494578125 0.43577083333333333 0.49439062500000003 0.43845833333333334
0 0.40182812500000004 0.4343333333333333 0.402921875 0.43164583333333334 0.404 0.4330833333333333 0.40440624999999997 0.4390208333333333 0.403859375 0.4462291666666667 0.4015625 0.4462291666666667 0.39953125 0.4440625 0.40062499999999995 0.43975000000000003 0.40115625 0.43524999999999997
0 0.34728125 0.42714583333333334 0.349296875 0.42512500000000003 0.35281250000000003 0.42512500000000003 0.354578125 0.4294791666666667 0.353328125 0.4328333333333333 0.3525625 0.4341875 0.355328125 0.44156249999999997 0.3513125 0.4422291666666667 0.34728125 0.44020833333333337 0.34553124999999996 0.437875 0.34603125 0.43552083333333336 0.34753124999999996 0.4328333333333333
0 0.581 0.4353125 0.579140625 0.4281666666666667 0.578125 0.42733333333333334 0.57584375 0.4300833333333333 0.575640625 0.43502083333333336 0.5754374999999999 0.441625 0.5735781249999999 0.4438333333333333 0.57646875 0.4473958333333333 0.57996875 0.4490416666666667 0.583890625 0.44575000000000004 0.58203125 0.43777083333333333
