0 0.6793437499999999 0.5479726651480638 0.6845 0.5360136674259681 0.6817656249999999 0.5258314350797266 0.682984375 0.5214123006833713 0.68571875 0.5130068337129841 0.687234375 0.5107744874715262 0.6911875000000001 0.5076765375854214 0.69665625 0.5076765375854214 0.69878125 0.5107744874715262 0.69878125 0.519635535307517 0.698171875 0.5320501138952164 0.700609375 0.543986332574032
0 0.32214062499999996 0.5668337129840547 0.33804687499999997 0.5515945330296128 0.33999999999999997 0.5506605922551253 0.34392187500000004 0.536993166287016 0.34740625 0.5357403189066059 0.356328125 0.5414350797266515 0.356984375 0.5484282460136674 0.362 0.5551025056947608 0.365046875 0.5662186788154897 0.33999999999999997 0.5697038724373577 0.31996875 0.56874715261959
0 0.382046875 0.5600227790432801 0.38253125 0.5514806378132119 0.38009375 0.548132118451025 0.37829687500000003 0.543621867881549 0.38009375 0.5381548974943052 0.382859375 0.533621867881549 0.3869375 0.5305466970387244 0.390046875 0.5310250569476083 0.39265625000000004 0.5324373576309795 0.3933125 0.5383826879271071 0.3933125 0.5407744874715262 0.39460937500000004 0.5424373576309794 0.397875 0.5445785876993167 0.3970625 0.5479043280182232 0.394125 0.553621867881549 0.393625 0.5571753986332574 0.393796875 0.5614578587699316
0 0.17678125 0.5547835990888383 0.17776562499999998 0.560250569476082 0.1774375 0.5664236902050114 0.183140625 0.5692938496583143 0.18428125 0.5735763097949886 0.1870625 0.58 0.157375 0.579749430523918 0.157046875 0.5721412300683371 0.15948437499999998 0.5671526195899772 0.16584375 0.5669020501138953 0.16340625 0.5590660592255126 0.165203125 0.5521640091116173 0.169609375 0.5483599088838269 0.17515624999999999 0.5483599088838269 0.17645312500000002 0.5526423690205011
0 0.27009375 0.5723917995444191 0.275765625 0.5607744874715263 0.27523437500000003 0.5473348519362187 0.277015625 0.5403416856492027 0.28534375 0.5406150341685649 0.289609375 0.5496583143507973 0.287296875 0.5574031890660592 0.287296875 0.5620728929384966 0.2805625 0.5659453302961276 0.27984375 0.5716173120728929
0 0.567703125 0.5262186788154898 0.56640625 0.5251708428246014 0.564953125 0.5230523917995444 0.5643906249999999 0.5217995444191343 0.5646718749999999 0.520113895216401 0.566109375 0.5190660592255125 0.568125 0.5190660592255125 0.56971875 0.5199088838268793 0.571734375 0.5203416856492028 0.5744687500000001 0.5199088838268793 0.5799375 0.5197038724373576 0.581375 0.520113895216401 0.582390625 0.5209567198177676 0.5832499999999999 0.5224373576309795 0.583390625 0.5243280182232346 0.5836875 0.5270615034168565 0.584546875 0.5308200455580866 0.584546875 0.5316628701594533 0.58425 0.5333485193621867 0.58253125 0.5371298405466971 0.5820937500000001 0.5396583143507973 0.5820937500000001 0.5413211845102506 0.585125 0.5451025056947608 0.5878593750000001 0.5492938496583143 0.58871875 0.550136674259681 0.5894375000000001 0.5514123006833713 0.586125 0.5526651480637813 0.581234375 0.552870159453303 0.578359375 0.5535079726651481 0.57303125 0.552870159453303 0.571015625 0.5526651480637813 0.569859375 0.5524601366742596 0.569859375 0.5490888382687927 0.5708593750000001 0.5471981776765376 0.5708593750000001 0.5457403189066059 0.569859375 0.5434168564920273 0.569140625 0.5434168564920273 0.567984375 0.5434168564920273 0.567546875 0.5421640091116173 0.566109375 0.5381776765375854 0.56553125 0.5360820045558087 0.56640625 0.531867881548975 0.567125 0.53 0.56884375 0.526628701594533
0 0.643328125 0.5173576309794988 0.65184375 0.5161731207289294 0.655484375 0.5268109339407745 0.656703125 0.5368564920273349 0.658734375 0.5457403189066059 0.657109375 0.5498633257403188 0.644140625 0.5498633257403188 0.6400781249999999 0.5492710706150341 0.636015625 0.5356947608200455 0.6384531250000001 0.5191343963553531 0.641296875 0.5155808656036447
0 0.796796875 0.5392255125284738 0.7964375 0.5346469248291572 0.7956875 0.529248291571754 0.7910625 0.5179271070615035 0.792171875 0.5128246013667426 0.7947656249999999 0.5066059225512528 0.799203125 0.5023006833712984 0.8073281250000001 0.5025740318906606 0.812875 0.5055353075170843 0.8141718750000001 0.5082232346241459 0.8143593750000001 0.5117312072892939 0.812140625 0.5200911161731208 0.8117656249999999 0.525740318906606 0.8134375 0.5311389521640091 0.8137968750000001 0.5341002277904328 0.8130625 0.5373348519362187 0.812875 0.5376082004555809 0.8115937499999999 0.5405694760820046
0 0.194703125 0.5429840546697039 0.195921875 0.5725512528473804 0.19618750000000001 0.5780410022779043 0.19225 0.5814806378132119 0.184046875 0.5791799544419134 0.184734375 0.5736902050113895 0.18753124999999998 0.5678359908883827 0.1880625 0.5630068337129841 0.187453125 0.5609567198177676 0.18709375 0.5476993166287016 0.188234375 0.5420956719817768 0.189890625 0.5403189066059225 0.19278125 0.5391799544419135 0.194265625 0.5392938496583144
0 0.439765625 0.5604328018223235 0.439953125 0.5557630979498861 0.437890625 0.5494305239179954 0.43581250000000005 0.5425740318906606 0.43429687499999997 0.5326651480637813 0.432796875 0.5293621867881548 0.42525 0.5257858769931663 0.42034374999999996 0.5260820045558087 0.41751562499999995 0.5318451025056947 0.41807812499999997 0.5425740318906606 0.41865625 0.558246013667426 0.42167187500000003 0.5620956719817768 0.425625 0.5620956719817768
0 0.4463125 0.56 0.443265625 0.5506605922551253 0.44056249999999997 0.5501594533029613 0.44192187499999996 0.5314578587699317 0.43415625 0.5275170842824601 0.432125 0.5275170842824601 0.434484375 0.5373576309794988 0.43685937499999994 0.5496583143507973 0.43921875000000005 0.5555808656036446 0.438546875 0.5624601366742596
0 0.2640625 0.5709111617312073 0.2406875 0.5741457858769932 0.22954687499999998 0.5757630979498861 0.224421875 0.5744646924829158 0.222875 0.5722095671981776 0.22709375 0.5673348519362187 0.22999999999999998 0.5670159453302961 0.23421875 0.5679726651480638 0.23934375000000002 0.5692710706150341 0.244921875 0.5569476082004556 0.23957812500000003 0.5478587699316628 0.23912499999999998 0.5351936218678816 0.2426875 0.53 0.24892187500000001 0.5280410022779043 0.25382812499999996 0.5312984054669704 0.2600625 0.5400683371298406 0.262953125 0.5478587699316628
0 0.8137656249999999 0.5385649202733486 0.813515625 0.5272665148063781 0.8127968750000001 0.5142141230068338 0.8176406249999999 0.5071526195899771 0.829015625 0.513507972665148 0.8295 0.5248063781321184 0.8273125 0.5322095671981777 0.8280468750000001 0.5367881548974943
