0 0.443265625 0.8162916666666666 0.4483125 0.7713541666666667 0.443265625 0.6634791666666667 0.42471875 0.6162916666666667 0.431453125 0.5601041666666667 0.439890625 0.5196666666666666 0.45168749999999996 0.48820833333333336 0.44157812500000004 0.46347916666666666 0.43820312499999997 0.4387708333333334 0.458421875 0.4207916666666666 0.46854687500000003 0.4207916666666666 0.48034375 0.4455 0.48539062499999996 0.4702291666666667 0.5123593750000001 0.5196666666666666 0.51909375 0.5960625 0.507296875 0.744375 0.48707812500000003 0.8612291666666666 0.46010937500000004 0.85 0.458421875 0.84775 0.45506250000000004 0.8387708333333334
0 0.106609375 0.47462499999999996 0.10300000000000001 0.5070625 0.10570312500000001 0.5274791666666666 0.10840625 0.5322916666666667 0.106609375 0.5779583333333334 0.122828125 0.5755416666666666 0.122828125 0.5286875 0.12462500000000001 0.5142708333333333 0.1264375 0.49504166666666666 0.12553125 0.47941666666666666
0 0.1473125 0.5912916666666667 0.133578125 0.5912916666666667 0.13390625 0.5474374999999999 0.1265625 0.5551041666666666 0.12687500000000002 0.5440416666666666 0.129109375 0.513375 0.12784374999999998 0.49804166666666666 0.129109375 0.48995833333333333 0.132625 0.47379166666666667 0.146859375 0.47441666666666665 0.146859375 0.47960416666666666 0.14709375 0.4860208333333333 0.14228125 0.48481250000000004 0.141140625 0.49 0.1459375 0.49304166666666666 0.15235937500000002 0.5015833333333333 0.149828125 0.518375 0.148 0.5196041666666666 0.14937499999999998 0.5333333333333333 0.148 0.5705833333333333 0.14778125 0.5803541666666666 0.14778125 0.5885833333333333
0 0.15907812500000001 0.4955208333333333 0.159390625 0.4865625 0.161640625 0.48485416666666664 0.15971875 0.4780416666666667 0.160359375 0.4737708333333333 0.16546875 0.47120833333333334 0.172828125 0.4737708333333333 0.17346875 0.4827291666666667 0.172515625 0.487 0.17571874999999998 0.48870833333333336 0.177953125 0.49041666666666667 0.177640625 0.4912708333333333 0.17571874999999998 0.49425 0.170921875 0.49425 0.16675 0.4955208333333333 0.1641875 0.4968125 0.15875 0.49637499999999996
0 0.06965625 0.471625 0.06965625 0.47631249999999997 0.07140625 0.4821666666666667 0.07257812500000001 0.4860625 0.06965625 0.4895833333333333 0.0690625 0.4923125 0.0681875 0.4923125 0.06878125 0.4926875 0.0673125 0.49541666666666667 0.066734375 0.49970833333333337 0.067609375 0.500875 0.094515625 0.4985416666666667 0.094515625 0.497375 0.0930625 0.4930833333333334 0.090421875 0.4887916666666667 0.087796875 0.4852916666666667 0.08603125 0.48333333333333334 0.084859375 0.4817708333333333 0.08340625 0.47983333333333333 0.0828125 0.4774791666666667 0.0836875 0.4743541666666667 0.08340625 0.4731875
0 0.050687499999999996 0.5017291666666667 0.060171875 0.4990833333333333 0.0636875 0.4976041666666667 0.06215625 0.4837916666666667 0.056421874999999996 0.4799583333333333 0.0561875 0.479375 0.050687499999999996 0.47908333333333336 0.04846875 0.48466666666666663 0.047593750000000004 0.4858541666666667 0.047375 0.48966666666666664
0 0.0204375 0.6019166666666667 0.0303125 0.5972916666666667 0.02734375 0.591375 0.03575 0.5564791666666667 0.033765625 0.5472708333333334 0.021921875 0.5485833333333333 0.0199375 0.5722708333333333 0.0199375 0.5880833333333333 0.018953125 0.6025625
0 0.003390625 0.6075416666666666 0.009640625 0.5940208333333333 0.01509375 0.5763333333333333 0.01509375 0.54825 0.00028125 0.54825 0.0026093749999999997 0.6158541666666667
0 0.38853125 0.8301458333333334 0.41334375 0.8028958333333333 0.403125 0.7522916666666667 0.41918749999999994 0.6569166666666667 0.432328125 0.6296666666666667 0.436703125 0.5420625 0.42356249999999995 0.4875625 0.40604687500000003 0.46810416666666665 0.40459375 0.431125 0.387078125 0.4194375 0.36809375 0.4194375 0.3739375 0.47200000000000003 0.34765625 0.49729166666666663 0.34181249999999996 0.5440208333333333 0.33159375 0.6160416666666666 0.334515625 0.6413333333333333 0.350578125 0.649125 0.350578125 0.6121458333333333 0.356421875 0.5634791666666668 0.356421875 0.6335416666666667 0.36371875 0.7036250000000001 0.381234375 0.7620208333333333 0.36371875 0.8242916666666668 0.38268749999999996 0.8398749999999999
0 0.198671875 0.4263958333333333 0.19042187500000002 0.4747708333333333 0.175578125 0.5011666666666666 0.17228125 0.5429583333333333 0.18546875000000002 0.57375 0.17721875 0.6089375 0.178875 0.6793125 0.182171875 0.7101041666666668 0.173921875 0.8574583333333333 0.187125 0.87725 0.197015625 0.8684583333333333 0.21515625 0.7277083333333334 0.21515625 0.6595208333333333 0.22340624999999997 0.6595208333333333 0.22176562500000002 0.8596666666666667 0.24815625 0.8662708333333333 0.256390625 0.8376666666666667 0.25475 0.7387083333333333 0.25970312500000003 0.6155416666666667 0.274546875 0.5935416666666666 0.263 0.5759583333333332 0.2761875 0.5605625 0.258046875 0.492375 0.22999999999999998 0.43518749999999995 0.2168125 0.41760416666666667 0.20196874999999997 0.42418750000000005
0 0.899609375 0.47927083333333337 0.909328125 0.41191666666666665 0.87240625 0.37564583333333335 0.8432656250000001 0.3937916666666667 0.831609375 0.43004166666666666 0.833546875 0.4611458333333333 0.86075 0.48704166666666665 0.831609375 0.5492291666666667 0.7946875 0.6658124999999999 0.7810937499999999 0.73575 0.7946875 0.7694375 0.814125 0.7564791666666667 0.7966249999999999 0.8341875000000001 0.84909375 0.9792708333333333 0.897671875 1.0 0.91709375 0.9347083333333334 0.886015625 0.818125 0.907390625 0.743 0.9035 0.6652916666666666 0.9054375 0.5512916666666666 0.907390625 0.46839583333333334
0 0.9350625000000001 0.3550625 0.9253281250000001 0.40702083333333333 0.9350625000000001 0.44337499999999996 0.9331093750000001 0.46675 0.9116875 0.5057083333333333 0.892203125 0.62 0.878578125 0.8070208333333333 0.9292187500000001 0.8096041666666667 0.9389687500000001 0.8381875 0.9292187500000001 0.8849374999999999 0.9214218750000001 0.9290833333333333 0.9272656250000001 0.96025 0.9253281250000001 0.9836458333333333 0.995453125 0.9784375 0.9993437500000001 0.36545833333333333 0.9818125 0.3420833333333333 0.94675 0.3550625 0.9389687500000001 0.37064583333333334
