0 0.285546875 0.7113541666666666 0.2828125 0.7113541666666666 0.279015625 0.7105 0.2794375 0.7082499999999999 0.279859375 0.7046041666666666 0.279015625 0.7026458333333333 0.28028125 0.6998333333333334 0.28090625 0.6953333333333334 0.28175 0.6919583333333333 0.2840625 0.6973125 0.28512499999999996 0.7068541666666667
0 0.27475 0.6979375 0.276453125 0.6975208333333334 0.277046875 0.6985833333333333 0.27714062500000003 0.7008541666666667 0.27714062500000003 0.7016458333333334 0.278546875 0.703375 0.27804687499999997 0.7086875 0.2779375 0.7132083333333333 0.27664062500000003 0.7136041666666666 0.274859375 0.713875 0.274453125 0.7145416666666667 0.27415625 0.7177291666666666 0.273953125 0.7218541666666667 0.272953125 0.7230416666666667 0.271859375 0.7227708333333334 0.27135937499999996 0.7219791666666667 0.27196875 0.7207916666666667 0.27265625 0.7198541666666666 0.27265625 0.7187916666666666 0.272359375 0.7156041666666667 0.272359375 0.713875 0.27265625 0.7118749999999999 0.27315625 0.7100416666666667 0.27396875 0.7096874999999999 0.274390625 0.7095 0.275 0.7089375 0.274953125 0.7066874999999999 0.274796875 0.7046458333333334 0.274640625 0.7026041666666667 0.27459375 0.7013541666666666 0.27475 0.7002708333333333
0 0.259546875 0.6957708333333333 0.25979687500000004 0.6979166666666666 0.263421875 0.6996041666666667 0.2613125 0.7098333333333334 0.256921875 0.7107500000000001 0.253640625 0.7113125 0.254140625 0.7035416666666666 0.256 0.7005 0.255578125 0.6966875 0.256421875 0.6945416666666666
0 0.24090625000000002 0.728375 0.23956249999999998 0.7070000000000001 0.24714062499999997 0.7010625 0.249359375 0.7176875
0 0.250328125 0.7006875 0.24851562500000002 0.6981041666666666 0.250875 0.6966249999999999 0.25407812500000004 0.6993958333333333 0.254359375 0.7032916666666666 0.25407812500000004 0.7086666666666667 0.25393750000000004 0.7118125000000001 0.24907812499999998 0.7140416666666667 0.250046875 0.7057083333333334 0.249765625 0.7029166666666666 0.24920312500000003 0.7016249999999999
0 0.74396875 0.6789583333333333 0.748671875 0.6814583333333334 0.746796875 0.6839791666666667 0.745859375 0.69025 0.7477343750000001 0.6990416666666667 0.746796875 0.7053125 0.745859375 0.7115833333333333 0.74396875 0.7103333333333333 0.74209375 0.7015416666666667 0.741140625 0.6965208333333333 0.741140625 0.6890000000000001 0.741140625 0.6789583333333333 0.74209375 0.6751874999999999
0 0.6156875 0.6657916666666667 0.6154375 0.662 0.617765625 0.6602708333333334 0.619046875 0.6626875 0.619046875 0.6640833333333334 0.62009375 0.6657916666666667 0.621375 0.6696041666666667 0.6216406250000001 0.675125 0.6211249999999999 0.6796041666666667 0.614390625 0.6823541666666666 0.613359375 0.6761458333333333 0.614390625 0.6702916666666667 0.614390625 0.667875
0 0.22814062499999999 0.7140416666666667 0.22703125000000002 0.7079791666666666 0.22715625 0.7027291666666666 0.2285 0.7007708333333333 0.229 0.6986458333333334 0.22960937499999998 0.6947083333333333 0.23071875 0.6943750000000001 0.2326875 0.6937291666666667 0.23390624999999998 0.6951875 0.23440625 0.6986458333333334 0.23526562499999998 0.7019166666666667 0.23539062500000002 0.7083125 0.23539062500000002 0.7145416666666667 0.23539062500000002 0.7211041666666667 0.23539062500000002 0.7274999999999999 0.23342187499999997 0.7279791666666667 0.2323125 0.7256874999999999 0.2320625 0.7233958333333333 0.23059375000000001 0.7276666666666666 0.229734375 0.7294583333333333 0.22912499999999997 0.7286458333333333 0.22764062499999999 0.725375 0.22814062499999999 0.7207708333333334 0.227390625 0.7150416666666667
0 0.271 0.70925 0.27146875000000004 0.7043125 0.2703125 0.6950416666666667 0.268453125 0.6959791666666667 0.26753125 0.69875 0.26684375 0.7009166666666666 0.26753125 0.7043125 0.26892187500000003 0.7080208333333334 0.26915625 0.7095625
0 0.557203125 0.6791250000000001 0.554265625 0.67625 0.55525 0.6702291666666667 0.555640625 0.6676249999999999 0.5568125 0.66475 0.5581875000000001 0.662125 0.5595625 0.6600416666666666 0.56034375 0.6605624999999999 0.560921875 0.6683958333333333 0.56190625 0.6731041666666666 0.561125 0.6757291666666667 0.559953125 0.6767708333333334 0.558765625 0.6770208333333334 0.558765625 0.6770208333333334
0 0.73340625 0.6929375 0.73340625 0.688625 0.7338125 0.6852083333333333 0.7342187499999999 0.6834583333333334 0.7347812499999999 0.6820833333333333 0.73546875 0.6795208333333334 0.73678125 0.6768333333333333 0.737890625 0.6762083333333333 0.739125 0.6765625 0.73946875 0.6775833333333333 0.7398906249999999 0.6789583333333333 0.739953125 0.6809791666666667 0.739953125 0.6829999999999999 0.7398125 0.6867708333333333 0.7398906249999999 0.6910208333333333 0.7398906249999999 0.6933958333333333 0.7398906249999999 0.6937708333333333
0 0.2745 0.7095416666666666 0.2745 0.7043750000000001 0.274828125 0.702 0.274609375 0.6996458333333333 0.27282812500000003 0.6986041666666666 0.271953125 0.7024375 0.271828125 0.7070208333333333 0.271171875 0.7114583333333333
0 0.26784375 0.7222500000000001 0.267078125 0.7024583333333333 0.266 0.7 0.265390625 0.6981666666666667 0.2643125 0.6969375 0.26325 0.6967291666666667 0.262171875 0.6965416666666666 0.26171875 0.6973541666666667 0.26187499999999997 0.7 0.26171875 0.7016458333333334 0.26125 0.7042916666666666 0.26110937500000003 0.7051041666666666 0.26171875 0.7087708333333332 0.262171875 0.7095833333333333 0.263859375 0.7120416666666666 0.26340625 0.7173333333333333 0.264015625 0.7236666666666667
