0 0.0 0.9393333333333334 0.026968750000000003 0.9236041666666667 0.02359375 0.9168541666666666 0.011796875 0.903375 0.011796875 0.8696666666666667 0.010109375 0.8584166666666667 0.006734374999999999 0.8359583333333334 0.013484375000000002 0.8202291666666667 0.015171875000000001 0.7730416666666666 0.026968750000000003 0.7528125 0.048421874999999996 0.7351041666666667 0.0705 0.7287916666666666 0.10001562500000001 0.7424375 0.107390625 0.7468125000000001 0.11885937499999999 0.7544583333333333 0.13034375 0.7713958333333333 0.136078125 0.7959999999999999 0.13690625 0.8129375 0.13279687499999998 0.8293333333333333 0.131984375 0.8413541666666667 0.129109375 0.8446250000000001 0.125421875 0.8697708333333334 0.120921875 0.8817916666666666 0.128796875 0.89075 0.13578125000000002 0.8943541666666667 0.141984375 0.8987499999999999 0.1443125 0.9000416666666666 0.134296875 0.9078958333333333 0.12234375 0.9166875 0.1180625 0.922875 0.11359375000000001 0.9316666666666666 0.11200000000000002 0.9385625 0.10806249999999999 0.9480833333333333 0.10575000000000001 0.9566458333333333 0.09896875000000001 0.971625 0.0959375 0.9825833333333333 0.09521874999999999 0.9916041666666667 0.093796875 0.9968541666666667 0.093375 0.9995208333333333 0.09334375 0.9999166666666667 0.091859375 1.0 0.08775 0.9999791666666666 0.083984375 0.9999791666666666 0.08021875 1.0 0.0764375 1.0 0.07265625 1.0 0.06889062500000001 1.0 0.065078125 1.0 0.061265625000000004 1.0 0.057484375 1.0 0.015546874999999998 1.0 0.0015 1.0 0.0015 0.9427916666666667
0 0.21573437499999998 0.7707916666666667 0.241015625 0.7460625000000001 0.259546875 0.7483125 0.27640625 0.7550625 0.284828125 0.7617916666666668 0.293265625 0.7685416666666666 0.30842187499999996 0.7752708333333334 0.313484375 0.7797708333333334 0.30842187499999996 0.8045000000000001 0.3 0.80675 0.3 0.8471875 0.3016875 0.8898958333333333 0.316859375 0.9146041666666667 0.32359375 0.9393333333333334 0.32359375 0.9617916666666667 0.30842187499999996 0.99775 0.267984375 0.99775 0.21742187500000001 0.9011250000000001 0.20393750000000002 0.894375 0.20393750000000002 0.8561875000000001 0.207296875 0.79325
0 0.415359375 0.7981041666666666 0.4288125 0.7622291666666666 0.4809375 0.7487708333333334 0.51625 0.7734375 0.51625 0.8474166666666666 0.501125 0.8765625 0.443953125 0.9191666666666667 0.42712500000000003 0.9841875000000001 0.307734375 0.9841875000000001 0.32792187500000003 0.934875 0.361546875 0.9124375 0.40021874999999996 0.8855416666666667 0.42040625 0.863125
0 0.45 0.9258333333333333 0.49214062500000005 0.8696666666666667 0.5494375 0.8674166666666667 0.5915781250000001 0.8741666666666668 0.642140625 0.894375 0.660671875 0.9123541666666667 0.66909375 0.9528125000000001 0.6758437500000001 0.9617916666666667 0.6960625 0.9797708333333334 0.7045 0.9887708333333334 0.42471875 0.9842708333333333 0.443265625 0.9280833333333334 0.456734375 0.9101041666666667
0 0.770015625 0.9920208333333334 0.75553125 0.9666666666666667 0.75553125 0.9437291666666667 0.7528125 0.9159791666666667 0.737421875 0.8990833333333333 0.7039375 0.8870208333333333 0.687640625 0.8954583333333334 0.675875 0.9171875 0.6704375 0.9533958333333333 0.702125 0.9594374999999999 0.72475 0.9678749999999999 0.75009375 0.9896041666666666 0.766390625 1.0
0 0.09768750000000001 0.9700416666666667 0.11750000000000001 0.9123333333333333 0.1593125 0.8849374999999999 0.21214062500000003 0.8927708333333333 0.231203125 0.9201666666666667 0.26568749999999997 0.9984166666666667 0.098421875 1.0 0.093296875 0.9984166666666667
0 0.8932656250000001 1.0 0.835953125 1.0 0.788765625 1.0 0.77528125 1.0 0.768546875 0.9954999999999999 0.7601093750000001 0.9640416666666667 0.753375 0.9213541666666667 0.741578125 0.8651666666666666 0.758421875 0.8247291666666666 0.8022500000000001 0.8089791666666667 0.841015625 0.8089791666666667 0.859546875 0.8404583333333334 0.866296875 0.905625 0.8612343750000001 0.9775208333333333 0.87303125 0.9910208333333334
0 0.12784374999999998 0.8602916666666667 0.1399375 0.7990416666666668 0.130265625 0.7614166666666667 0.10124999999999999 0.7431458333333333 0.1085 0.73025 0.10446875 0.6969375 0.13348437500000002 0.6765208333333333 0.1560625 0.6711458333333333 0.17459375 0.6947916666666667 0.181046875 0.7323958333333334 0.196359375 0.7667916666666666 0.20765625000000001 0.8205416666666667 0.20603125000000003 0.8753541666666667 0.193953125 0.8484791666666667 0.177015625 0.8312916666666667 0.15284375 0.829125
0 0.14171875 0.8991041666666667 0.155671875 0.8861666666666667 0.162953125 0.8845416666666667 0.20359375000000002 0.8902083333333334 0.20359375000000002 0.8699791666666666 0.18782812499999998 0.8432916666666667 0.178109375 0.8352083333333333 0.16415625 0.8319583333333332 0.14656249999999998 0.8368125000000001 0.13564062500000001 0.8473333333333334 0.128359375 0.8586666666666667 0.126546875 0.8707916666666667 0.12290625 0.8796875 0.13079687499999998 0.8885833333333333 0.1405 0.8950625
0 0.0038906250000000004 0.6597500000000001 0.0038906250000000004 0.6909166666666666 0.01753125 0.7506458333333333 0.029218749999999998 0.7792291666666666 0.021421875 0.8077916666666667 0.0038906250000000004 0.8337708333333332 0.0038906250000000004 0.8389583333333334
