0 0.179421875 0.7057981220657278 0.17835937500000001 0.7091784037558686 0.177890625 0.7127230046948357 0.178953125 0.7187558685446009 0.1791875 0.7205399061032863 0.1791875 0.7248122065727699 0.18190625 0.7248122065727699 0.182734375 0.7192957746478874 0.18321875 0.7153755868544601 0.18321875 0.7095305164319249 0.182859375 0.7070422535211267 0.1814375 0.7047183098591548 0.18025 0.7045539906103286
0 0.317453125 0.7018544600938967 0.31710937499999997 0.6940845070422536 0.3155625 0.6912441314553991 0.314703125 0.6891784037558685 0.3141875 0.687112676056338 0.3141875 0.6860798122065728 0.31625000000000003 0.6827230046948356 0.316765625 0.6816901408450704 0.316765625 0.6801408450704226 0.317625 0.6788497652582159 0.318828125 0.6785915492957746 0.32037499999999997 0.6791079812206573 0.32071875 0.6847887323943662 0.321234375 0.6853051643192488 0.32175 0.6858215962441315 0.32209374999999996 0.6884037558685446 0.32140625 0.6925352112676056 0.3210625 0.6982159624413146 0.3210625 0.7007981220657278 0.318828125 0.7034037558685445 0.3183125 0.7034037558685445
0 0.23440625 0.7092488262910798 0.23778125 0.7099530516431924 0.238640625 0.7093896713615023 0.238640625 0.7082394366197182 0.23739062500000002 0.7028873239436619 0.23700000000000002 0.6978403755868544 0.23729687500000002 0.6934976525821597 0.237875 0.691338028169014 0.23757812500000003 0.6877230046948357 0.23565624999999998 0.6869953051643193 0.234515625 0.6871596244131456 0.23403125 0.6920657276995305 0.232109375 0.7002816901408451 0.23326562499999998 0.703169014084507 0.23507812499999997 0.7023004694835681 0.234609375 0.7060563380281689 0.234703125 0.7077934272300469
0 0.24184375 0.7139201877934273 0.24184375 0.7040845070422536 0.24125000000000002 0.698169014084507 0.24110937500000001 0.6931455399061032 0.243875 0.691830985915493 0.24592187499999998 0.6933568075117371 0.246203125 0.6999295774647888 0.2465 0.7071361502347419 0.247953125 0.7119483568075118 0.24825 0.717206572769953 0.248828125 0.722018779342723 0.246640625 0.722018779342723 0.24285937500000002 0.7198356807511737 0.242421875 0.7193896713615023
0 0.12684375 0.6945070422535211 0.126671875 0.6996244131455399 0.12701562500000002 0.7042957746478873 0.12853125 0.7080281690140845 0.129109375 0.7099765258215962 0.130203125 0.7101643192488263 0.13082812500000002 0.7073943661971831 0.13087500000000002 0.7024647887323944 0.130453125 0.6955868544600938 0.130578125 0.6933098591549296 0.13003125 0.6911737089201878 0.12987500000000002 0.6892018779342723 0.1285625 0.6895305164319249 0.12721875 0.6912910798122066 0.12689062499999998 0.693943661971831 0.12689062499999998 0.6951408450704225
0 0.382234375 0.6987793427230047 0.3824375 0.6899295774647888 0.38203125 0.6850469483568075 0.381625 0.6798591549295775 0.38121875 0.677112676056338 0.37796875 0.677112676056338 0.37756249999999997 0.6774178403755868 0.37675000000000003 0.6804694835680751 0.37715624999999997 0.689319248826291 0.37796875 0.6957276995305164 0.37878124999999996 0.7 0.38101562499999997 0.7 0.381828125 0.7
0 0.0668125 0.7184037558685447 0.068453125 0.7159389671361502 0.068359375 0.7130516431924883 0.0680625 0.7103051643192487 0.068265625 0.7066901408450704 0.068546875 0.7038028169014084 0.0689375 0.7007746478873239 0.066046875 0.6980281690140845 0.064609375 0.699037558685446 0.0643125 0.7029342723004695 0.06393750000000001 0.7049530516431924 0.06393750000000001 0.7082863849765259 0.06259375 0.7131924882629108 0.0625 0.7175352112676057 0.06296874999999999 0.7191079812206572 0.06653125 0.7192488262910798
0 0.189734375 0.7066431924882628 0.189890625 0.6953286384976526 0.18909375 0.6902816901408451 0.18812500000000001 0.6873943661971831 0.18940625 0.6859624413145541 0.19021875 0.6828403755868544 0.19229687499999998 0.682112676056338 0.19325 0.6864319248826292 0.194859375 0.68981220657277 0.193890625 0.6975117370892019 0.193578125 0.7073708920187792
0 0.20579687500000002 0.724225352112676 0.209234375 0.7227230046948356 0.20979687500000002 0.7170657276995306 0.21012499999999998 0.7137089201877935 0.20990625000000002 0.7098826291079813 0.209578125 0.705868544600939 0.20779687500000002 0.7053755868544601 0.207234375 0.7093896713615023 0.207015625 0.7107042253521126 0.20590625 0.7133802816901408 0.20534375 0.7150469483568076 0.2046875 0.7180516431924883 0.20445312499999999 0.7207276995305164 0.20490624999999998 0.7235680751173709 0.205234375 0.7240610328638497
0 0.22471875 0.7122300469483569 0.22423437499999999 0.7071830985915493 0.223921875 0.7049295774647888 0.22423437499999999 0.7032394366197183 0.224640625 0.7018075117370892 0.224640625 0.6997652582159625 0.22384374999999998 0.698943661971831 0.223046875 0.6977464788732395 0.22335937499999997 0.6955868544600938 0.22471875 0.6938028169014084 0.22471875 0.6918779342723005 0.22528125000000002 0.6902112676056338 0.22639062499999998 0.6894835680751175 0.226234375 0.6886384976525822 0.226234375 0.6878169014084506 0.226859375 0.6870892018779342 0.22774999999999998 0.6867370892018779 0.228453125 0.6874413145539907 0.22909375 0.6899530516431925 0.230765625 0.690680751173709 0.23084375000000001 0.694037558685446 0.23084375000000001 0.697018779342723 0.23029687499999998 0.6977464788732395 0.23021875 0.700962441314554 0.23029687499999998 0.7026525821596243 0.23053125 0.7053990610328639 0.23171875000000003 0.7086384976525821 0.23084375000000001 0.7112676056338029 0.22981250000000003 0.7103051643192487 0.22757812500000002 0.70481220657277 0.226625 0.7116197183098592
0 0.156375 0.70481220657277 0.151234375 0.7097183098591549 0.150953125 0.702018779342723 0.150234375 0.6945305164319249 0.1508125 0.6921596244131456 0.1538125 0.6923708920187793 0.154796875 0.6953755868544601 0.15623437499999998 0.6998826291079812
0 0.21156250000000001 0.7230516431924883 0.21259375 0.7157511737089203 0.21284375 0.7146009389671362 0.21207812499999998 0.713075117370892 0.21360937500000002 0.71 0.21565625000000002 0.710774647887324 0.21615625 0.711150234741784 0.21565625000000002 0.712699530516432 0.21642187499999999 0.7146009389671362 0.21642187499999999 0.7176760563380282 0.215140625 0.7253521126760564 0.21182812499999998 0.7242018779342723
0 0.21896875 0.6983568075117371 0.21896875 0.6898826291079811 0.218265625 0.6838732394366197 0.215671875 0.6860093896713615 0.216390625 0.6792957746478873 0.21215625 0.6803521126760563 0.21379687500000003 0.6863615023474178 0.21168749999999997 0.6909389671361502 0.21192187499999998 0.6969248826291079 0.214265625 0.7008215962441314 0.21590625000000002 0.6997652582159625
