0 0.635765625 0.49233333333333335 0.635765625 0.49822916666666667 0.632125 0.5009791666666666 0.62175 0.5068750000000001 0.611375 0.5165416666666667 0.59840625 0.5424791666666666 0.594515625 0.5528541666666666 0.636015625 0.5532083333333334 0.63990625 0.5493958333333333 0.640953125 0.5428333333333334 0.641203125 0.5099791666666667 0.63990625 0.4985625 0.640171875 0.4843958333333333
0 0.396734375 0.29658333333333337 0.39409375 0.2836875 0.396734375 0.27781249999999996 0.40260937500000005 0.2680416666666667 0.39996875 0.2680416666666667 0.39790625 0.2613958333333333 0.39645312499999996 0.2531875 0.39703125 0.24966666666666668 0.40025000000000005 0.24616666666666667 0.40114062500000003 0.24577083333333333 0.40582812500000004 0.24185416666666668 0.41051562500000005 0.24225 0.415203125 0.24420833333333333 0.41726562500000003 0.24810416666666668 0.416671875 0.26218749999999996 0.416671875 0.26766666666666666 0.414625 0.273125 0.41403125 0.2735208333333333 0.4269375 0.29229166666666667
0 0.348484375 0.27408333333333335 0.328875 0.27860416666666665 0.326609375 0.2941875 0.34621875 0.29116666666666663
0 0.02515625 0.5809375 0.022046875 0.5625208333333334 0.023375 0.5494583333333334 0.023828125 0.5441041666666667 0.02515625 0.5381666666666667 0.025609375 0.5274791666666666 0.025609375 0.5197708333333334 0.02828125 0.5162083333333334 0.026046875000000004 0.5108541666666667 0.025609375 0.5078958333333333 0.023375 0.5072916666666667 0.022046875 0.5055208333333333 0.021593750000000002 0.5019583333333333 0.021593750000000002 0.4983958333333333 0.0198125 0.49304166666666666 0.01803125 0.49185416666666665 0.014921875000000001 0.493625 0.014468749999999999 0.4972083333333333 0.014468749999999999 0.5031458333333333 0.01403125 0.5072916666666667 0.013140625 0.5120416666666666 0.011796875 0.5233333333333333 0.011796875 0.5286666666666666 0.01225 0.5369791666666667 0.012687499999999999 0.5405416666666666 0.013140625 0.5470833333333334 0.014468749999999999 0.5512291666666667 0.016703125 0.5536041666666667 0.017140625 0.5577708333333333 0.016703125 0.5625208333333334 0.017140625 0.5672708333333334 0.01803125 0.5720208333333333 0.01759375 0.577375 0.014921875000000001 0.577375 0.014468749999999999 0.5791458333333334 0.019375 0.5803333333333334 0.024265625 0.5803333333333334
0 0.6107812499999999 0.223 0.60890625 0.24210416666666665 0.6026875 0.25122916666666667 0.597078125 0.25122916666666667 0.5921093749999999 0.24541666666666667 0.590234375 0.23712499999999997 0.58525 0.234625 0.57903125 0.22964583333333335 0.581515625 0.2171875 0.5858749999999999 0.21554166666666666 0.590234375 0.21139583333333334 0.589609375 0.19312500000000002 0.5914843750000001 0.17735416666666665 0.6001875 0.17402083333333335 0.621984375 0.17735416666666665 0.621984375 0.19479166666666667 0.620125 0.21470833333333333 0.615765625 0.22549999999999998 0.61140625 0.2288125
0 0.69725 0.238625 0.6934218750000001 0.2453125 0.692828125 0.2511875 0.692828125 0.25747916666666665 0.69253125 0.26218749999999996 0.689890625 0.2661041666666667 0.686640625 0.26847916666666666 0.684875 0.2716041666666667 0.684875 0.27358333333333335 0.689 0.27554166666666663 0.7134375000000001 0.28220833333333334 0.71609375 0.27749999999999997 0.715796875 0.27120833333333333 0.714921875 0.26925000000000004 0.71903125 0.2649375 0.722578125 0.26179166666666664 0.725515625 0.2602291666666667 0.727578125 0.2594375 0.730234375 0.257875 0.7325781250000001 0.2558958333333333 0.739359375 0.255125 0.748484375 0.25629166666666664 0.7505468750000001 0.25904166666666667 0.753203125 0.2594375 0.756734375 0.2594375 0.757625 0.2558958333333333 0.7537812500000001 0.2504166666666667 0.7517343750000001 0.2484375 0.7431875 0.24804166666666666 0.736125 0.24883333333333332 0.729640625 0.25079166666666663 0.721390625 0.25277083333333333 0.7163906250000001 0.25629166666666664 0.7134375000000001 0.25827083333333334 0.712265625 0.25864583333333335 0.712265625 0.25552083333333336 0.7125625 0.25079166666666663 0.7128593750000001 0.246875 0.7128593750000001 0.24177083333333332 0.709609375 0.23902083333333335 0.7054843749999999 0.235875 0.699890625 0.238625
0 0.7268749999999999 0.24585416666666668 0.7322031250000001 0.23358333333333334 0.738984375 0.22777083333333334 0.74865625 0.23229166666666667 0.75253125 0.24133333333333334 0.750109375 0.2465 0.73171875 0.25035416666666666 0.7288125 0.251
0 0.2441875 0.30283333333333334 0.23865625000000001 0.30906249999999996 0.23323437500000002 0.3188958333333333 0.23348437500000002 0.3316875 0.24025 0.32987500000000003 0.24775 0.32987500000000003 0.25303125 0.3300416666666666 0.250578125 0.32579166666666665 0.24885937500000002 0.3192291666666666 0.24860937500000002 0.3154583333333333 0.24676562500000002 0.3141458333333333 0.248359375 0.31202083333333336 0.250578125 0.3095625 0.250453125 0.30545833333333333 0.24971875 0.3025 0.24615625 0.3015208333333333 0.2438125 0.3025
0 0.20764062499999997 0.335875 0.21000000000000002 0.3139166666666667 0.212640625 0.3115833333333333 0.212640625 0.29472916666666665 0.22498437500000001 0.29825 0.222640625 0.31745833333333334 0.224109375 0.33508333333333334
0 0.3623125 0.30533333333333335 0.36326562500000004 0.28958333333333336 0.37124999999999997 0.28362499999999996 0.3766875 0.2602083333333333 0.38849999999999996 0.25808333333333333 0.39328124999999997 0.27554166666666663 0.39296875 0.299375 0.362953125 0.30491666666666667
0 0.6917187499999999 0.536125 0.71759375 0.53825 0.73259375 0.547625 0.734515625 0.5301666666666667 0.725890625 0.508875 0.7284375 0.4999375 0.7399375 0.5003541666666667 0.73675 0.4922708333333333 0.7265312500000001 0.47439583333333335 0.707046875 0.4769375 0.697796875 0.4854583333333334 0.7048125 0.5016458333333333 0.70896875 0.5122708333333333 0.705453125 0.51825
0 0.027546875 0.5128125 0.028984375 0.5102708333333333 0.029171875000000003 0.5091249999999999 0.029359375 0.5016041666666667 0.030421874999999998 0.4998125 0.03309375 0.4986666666666667 0.0348125 0.4998125 0.0364375 0.502625 0.03653125 0.5041458333333334 0.03653125 0.509 0.03825 0.5115416666666667 0.0396875 0.5255625 0.038828125000000005 0.5417500000000001 0.03653125 0.56175 0.03453125 0.56225 0.031656250000000004 0.5626458333333333 0.029656250000000002 0.5632708333333334 0.026875 0.5608541666666667 0.027078124999999998 0.5569166666666666 0.028125 0.5489999999999999 0.026687499999999996 0.54825 0.025734374999999997 0.5458125 0.025828125 0.5258125 0.0263125 0.5176666666666666 0.027078124999999998 0.5148541666666666
0 0.00034375 0.5132916666666667 0.0008906249999999999 0.5077083333333333 0.0008906249999999999 0.5038125 0.003078125 0.5028541666666667 0.0074375 0.5038125 0.009625 0.5055208333333333 0.0094375 0.5108541666666667 0.007625 0.51425 0.012531249999999999 0.5152291666666666 0.012 0.5251666666666667 0.011265625 0.5319583333333333 0.012171875 0.5387708333333333 0.01290625 0.5441041666666667 0.013453125 0.5477500000000001 0.01071875 0.5508958333333334 0.006171875 0.5496875 0.0037968750000000003 0.5453125 0.004890625 0.5377916666666667 0.005265625 0.5346458333333334 0.00015625 0.5341458333333333 0.00015625 0.5297916666666667
