0 0.80968 0.9865165165165165 0.65104 0.9887687687687687 0.66152 0.9280780780780781 0.67648 0.8629129129129129 0.67198 0.8112312312312312 0.65852 0.8022522522522522 0.6300800000000001 0.7101201201201202 0.60764 0.6831531531531532 0.58668 0.7685285285285285 0.5702200000000001 0.7932732732732733 0.56422 0.7393393393393393 0.55076 0.7528228228228229 0.5417799999999999 0.8606606606606607 0.52232 0.8471771771771772 0.51334 0.8269669669669669 0.5238200000000001 0.7932732732732733 0.55824 0.6471771771771772 0.55674 0.5303303303303303 0.5821799999999999 0.49213213213213214 0.59116 0.46966966966966966 0.5702200000000001 0.3887687687687688 0.5821799999999999 0.31237237237237236 0.63906 0.29888888888888887 0.663 0.34156156156156153 0.6675 0.43369369369369365 0.6944400000000001 0.4449549549549549 0.73784 0.45168168168168166 0.8022 0.6067267267267267 0.78574 0.6584384384384384 0.79022 0.7056156156156156 0.80968 0.8067267267267267 0.79022 0.8696696696696697 0.8007000000000001 0.9415615615615617
0 0.22748 0.653933933933934 0.13768 0.644954954954955 0.14665999999999998 0.5842642642642643 0.16163999999999998 0.5797897897897898 0.16762 0.5415615615615615 0.19456 0.5393393393393393 0.20054 0.5685285285285285 0.2185 0.6134834834834835 0.2215 0.6427027027027027
0 0.65406 0.2948048048048048 0.65062 0.32642642642642644 0.6325599999999999 0.3070870870870871 0.62698 0.3006306306306306 0.63 0.27030030030030033 0.6157999999999999 0.2606006006006006 0.6244 0.24834834834834835 0.63644 0.24900900900900902 0.6295599999999999 0.23351351351351352 0.6325599999999999 0.2173873873873874 0.64246 0.2135135135135135 0.6502 0.21672672672672674 0.65362 0.23351351351351352 0.65062 0.24963963963963962 0.6609400000000001 0.2560960960960961 0.6648 0.26513513513513515 0.6661 0.2857957957957958 0.6734 0.3064264264264264 0.67296 0.32255255255255255 0.66696 0.3141741741741742 0.66308 0.2973873873873874 0.65922 0.2909309309309309 0.65664 0.28255255255255257
0 0.59696 0.2199099099099099 0.60024 0.20240240240240243 0.60388 0.19693693693693692 0.6144400000000001 0.19258258258258257 0.6227999999999999 0.20513513513513515 0.6227999999999999 0.2155255255255255 0.6227999999999999 0.21933933933933936 0.6362599999999999 0.25051051051051054 0.62572 0.24666666666666667 0.6137 0.25924924924924925 0.6279 0.2701801801801802 0.62754 0.30078078078078074 0.6086 0.2980480480480481 0.59842 0.26633633633633635 0.59478 0.2537837837837838 0.59042 0.24285285285285288 0.59368 0.22918918918918918
0 0.54898 0.2751051051051051 0.54276 0.27852852852852855 0.53764 0.28702702702702704 0.5336799999999999 0.2963963963963964 0.53084 0.3010810810810811 0.5209199999999999 0.30024024024024026 0.51156 0.30234234234234236 0.50306 0.3083183183183183 0.50362 0.2895795795795796 0.509 0.2763963963963964 0.5158200000000001 0.2682882882882883 0.5180800000000001 0.2627627627627628 0.5158200000000001 0.25723723723723724 0.5132599999999999 0.25255255255255254 0.5132599999999999 0.23933933933933935 0.5144 0.23294294294294293 0.52176 0.22954954954954954 0.53198 0.2316816816816817 0.5356599999999999 0.2372072072072072 0.53652 0.246996996996997 0.5367999999999999 0.25891891891891894 0.53822 0.26360360360360363 0.5436 0.26786786786786787 0.54728 0.2712912912912913
0 0.34192 0.2912912912912913 0.34932 0.2770570570570571 0.35644 0.27573573573573573 0.35614 0.24192192192192194 0.36384 0.23078078078078076 0.37422000000000005 0.23435435435435437 0.37539999999999996 0.24903903903903907 0.37451999999999996 0.2628228228228228 0.37126 0.26771771771771774 0.37748000000000004 0.2788288288288288 0.37954000000000004 0.2903903903903904 0.376 0.3064264264264264 0.37274 0.3033033033033033 0.36206 0.29219219219219217 0.35496 0.29840840840840843 0.34874 0.2952852852852853
0 0.39082 0.4971171171171171 0.39248 0.4805405405405406 0.4013 0.4755855855855856 0.40352 0.47474474474474476 0.4013 0.46150150150150154 0.40462 0.43831831831831836 0.40958 0.42918918918918914 0.41068 0.42753753753753754 0.41896 0.42753753753753754 0.42502 0.43333333333333335 0.42668 0.44825825825825827 0.42668 0.46564564564564564 0.42448 0.49462462462462464 0.42392 0.5103603603603604 0.4162 0.5112012012012012 0.41068 0.5128528528528529 0.4002 0.5128528528528529 0.3958 0.5070570570570571
0 0.78454 0.4803303303303303 0.7938999999999999 0.4662762762762763 0.80326 0.45456456456456457 0.80326 0.4334834834834835 0.80638 0.417087087087087 0.8141799999999999 0.41006006006006007 0.8204199999999999 0.40771771771771775 0.82666 0.4241141141141141 0.82978 0.44285285285285286 0.8282200000000001 0.45690690690690694 0.84224 0.46861861861861864 0.84536 0.5014114114114114 0.84536 0.5177777777777778 0.84692 0.5341741741741741 0.84692 0.5435435435435435 0.83288 0.5505705705705706 0.83288 0.5693093093093093 0.82112 0.5715315315315315 0.818 0.5363963963963964 0.818 0.5246846846846847 0.80552 0.5223423423423423 0.79304 0.5223423423423423 0.78992 0.4919219219219219 0.7867999999999999 0.4802102102102102
0 0.33972 0.6442042042042042 0.349 0.6178078078078078 0.36510000000000004 0.6002402402402403 0.39536 0.5987687687687687 0.4139 0.5987687687687687 0.42512 0.6163663663663663 0.43 0.6434534534534535 0.4305 0.6478678678678679 0.36557999999999996 0.6493393393393393 0.34118 0.6449249249249249
0 0.29857999999999996 0.6552252252252252 0.28416 0.6428528528528529 0.2924 0.6212012012012013 0.30578 0.6026726726726727 0.30886 0.5794894894894895 0.3068 0.5593993993993994 0.32122 0.5485585585585585 0.33254 0.564024024024024 0.33358 0.5872072072072072 0.33564 0.6134834834834835 0.3418 0.6273873873873873 0.34386 0.649039039039039 0.33254 0.649039039039039 0.31504000000000004 0.6505705705705705 0.30166000000000004 0.6567567567567567
0 0.02786 0.6413813813813815 0.0842 0.6413813813813815 0.07762000000000001 0.5954654654654654 0.03446 0.590960960960961
0 0.32026 0.2785585585585586 0.32436000000000004 0.3032132132132132 0.31460000000000005 0.3147747747747748 0.30075999999999997 0.31555555555555553 0.29460000000000003 0.3032132132132132 0.2833 0.29936936936936936 0.28124 0.27549549549549546 0.291 0.2577477477477477 0.30588 0.2508108108108108 0.30332 0.23234234234234236 0.30639999999999995 0.22078078078078076 0.31357999999999997 0.22078078078078076 0.31922 0.22384384384384387 0.31666000000000005 0.24387387387387385 0.32744 0.25237237237237237 0.32127999999999995 0.26393393393393394 0.32127999999999995 0.2731831831831832
0 0.33366 0.37672672672672675 0.38788 0.37672672672672675 0.3892 0.36423423423423423 0.39094 0.35636636636636637 0.38702 0.3406006006006006 0.38482 0.3372972972972973 0.37695999999999996 0.33666666666666667 0.36907999999999996 0.33270270270270275 0.37389999999999995 0.32483483483483483 0.37389999999999995 0.31891891891891894 0.37345999999999996 0.30840840840840844 0.37039999999999995 0.3005405405405405 0.3669 0.29462462462462463 0.35684 0.2952852852852853 0.35158 0.30645645645645647 0.3494 0.3175975975975976 0.35158 0.3261561561561562 0.35422000000000003 0.3307507507507508 0.35508 0.33666666666666667 0.34546 0.34321321321321324 0.33672 0.3511111111111111 0.33583999999999997 0.358978978978979 0.33322 0.3701501501501502
