0 0.23621999999999999 0.9927466666666666 0.23621999999999999 0.9734933333333333 0.22063999999999998 0.9378933333333332 0.21953999999999999 0.9067733333333334 0.22175999999999998 0.8756266666666667 0.22732 0.8563466666666667 0.23288 0.82968 0.23621999999999999 0.8118666666666666 0.23621999999999999 0.8044533333333334 0.23288 0.8014933333333334 0.22619999999999998 0.7955733333333332 0.22619999999999998 0.7748266666666667 0.22619999999999998 0.7644266666666667 0.22175999999999998 0.7570133333333333 0.22844 0.7377600000000001 0.23621999999999999 0.7258933333333333 0.23954 0.7243999999999999 0.23954 0.7140266666666666 0.23843999999999999 0.7006933333333333 0.2351 0.67992 0.23621999999999999 0.6650933333333333 0.24509999999999998 0.65176 0.26512 0.65768 0.2729 0.6665866666666667 0.2729 0.67696 0.27624 0.6917866666666667 0.27736 0.7051200000000001 0.2729 0.7095733333333333 0.27068000000000003 0.7155199999999999 0.2807 0.7303466666666667 0.2907 0.74368 0.30069999999999997 0.7644266666666667 0.30516000000000004 0.7762933333333334 0.30069999999999997 0.7822399999999999 0.29848 0.7955733333333332 0.29848 0.8059466666666667 0.29738 0.8266933333333333 0.29292 0.8504266666666668 0.29738 0.8845333333333333 0.29181999999999997 0.9141866666666667 0.29181999999999997 0.9423466666666667 0.29181999999999997 0.9660799999999999 0.2907 0.9823733333333333 0.28736 0.9972 0.2718 0.9986933333333333 0.26624000000000003 0.98832 0.26512 0.9601333333333334 0.26068 0.9290133333333334 0.26068 0.9097333333333333 0.25622 0.8949066666666666 0.254 0.9052800000000001 0.25066 0.9156533333333333 0.24844 0.9230666666666666 0.25622 0.9482666666666667 0.26068 0.9660799999999999 0.26177999999999996 0.9764533333333334 0.25622 0.9838666666666667 0.254 0.9897866666666667 0.25066 0.9942399999999999 0.24734 0.9957333333333332
0 0.7719199999999999 0.9887733333333334 0.76854 0.9325866666666668 0.78034 0.8606666666666667 0.76686 0.8089866666666666 0.76348 0.7910133333333333 0.7837000000000001 0.7685333333333333 0.77696 0.72584 0.7617999999999999 0.6853866666666666 0.79044 0.65392 0.8174199999999999 0.6584266666666666 0.82248 0.7056266666666667 0.84438 0.7393333333333333 0.8460599999999999 0.7954933333333334 0.8376399999999999 0.8337066666666666 0.8376399999999999 0.9168533333333333 0.8663 0.97304 0.8561799999999999 0.9842666666666667 0.8072999999999999 0.9573066666666666 0.79888 0.9797866666666667
0 0.66118 0.48034666666666664 0.67872 0.35432 0.67872 0.29973333333333335 0.6718999999999999 0.2711733333333333 0.70016 0.24775999999999998 0.6991799999999999 0.214 0.70016 0.19968 0.72062 0.188 0.73038 0.20229333333333333 0.73426 0.24648 0.7508400000000001 0.26336000000000004 0.75278 0.30104 0.7459600000000001 0.33871999999999997 0.74012 0.38810666666666666 0.7323200000000001 0.48034666666666664 0.72258 0.49984 0.70308 0.4855466666666667 0.70602 0.40759999999999996 0.6933400000000001 0.49984 0.66606 0.49984
0 0.22106 0.6558666666666666 0.22106 0.6321866666666667 0.22144 0.6160533333333333 0.2169 0.6054666666666667 0.21994 0.59792 0.22182 0.5964 0.22334 0.5807733333333334 0.23013999999999998 0.5833066666666666 0.23542 0.5954133333333333 0.23618 0.60952 0.23316 0.6321866666666667 0.23166 0.63824 0.22788 0.64176 0.22976 0.6442933333333334 0.22976 0.6462933333333334 0.229 0.66192
0 0.38377999999999995 0.12949333333333335 0.38377999999999995 0.124 0.3836 0.11946666666666667 0.38180000000000003 0.11469333333333333 0.38306 0.10754666666666667 0.38377999999999995 0.10421333333333332 0.3845 0.09944 0.38896 0.09802666666666666 0.39039999999999997 0.10397333333333333 0.39092 0.10565333333333332 0.39092 0.11304 0.39164 0.11994666666666666 0.392 0.12496 0.39254 0.12877333333333332 0.39039999999999997 0.13330666666666668 0.38806 0.13282666666666668 0.38574 0.13234666666666667 0.38145999999999997 0.12994666666666665
0 0.89686 0.16824 0.8908400000000001 0.16621333333333332 0.89122 0.1552 0.89046 0.15117333333333333 0.8908400000000001 0.14514666666666667 0.89386 0.14314666666666667 0.89386 0.13962666666666668 0.89686 0.13912 0.89988 0.14264000000000002 0.90062 0.14416 0.901 0.14866666666666667 0.89912 0.1552 0.89874 0.16170666666666667
0 0.5486 0.58168 0.54526 0.57464 0.5425399999999999 0.5705066666666666 0.5403600000000001 0.5665600000000001 0.54022 0.56208 0.53828 0.5589866666666666 0.53752 0.5543466666666667 0.5386799999999999 0.55072 0.5406 0.5465866666666667 0.54152 0.54504 0.54538 0.5431466666666667 0.54628 0.5441866666666666 0.54796 0.5478133333333334 0.54834 0.5548533333333333 0.54822 0.56672 0.54938 0.5754933333333333 0.54964 0.5803200000000001
0 0.87148 0.14253333333333335 0.8721 0.16698666666666667 0.8683200000000001 0.16613333333333333 0.86388 0.15349333333333334 0.86326 0.13917333333333332 0.86642 0.13749333333333333 0.8721 0.14253333333333335
0 0.85282 0.13930666666666666 0.85948 0.14831999999999998 0.86418 0.16008 0.8642799999999999 0.16253333333333334 0.8640599999999999 0.16330666666666668 0.8565 0.16101333333333334 0.8530599999999999 0.16314666666666666 0.84974 0.16405333333333333 0.8429800000000001 0.16344 0.84126 0.15888 0.84114 0.15458666666666665 0.8422799999999999 0.14909333333333333 0.84366 0.14496 0.84516 0.14176 0.8461799999999999 0.13976 0.84812 0.13688 0.8533999999999999 0.13946666666666666
0 0.79234 0.14536 0.79234 0.15746666666666667 0.7972400000000001 0.15560000000000002 0.7979400000000001 0.14816000000000001 0.79606 0.14130666666666666 0.79234 0.14224
0 0.95796 0.63288 0.9585199999999999 0.6179733333333334 0.9585199999999999 0.6112533333333333 0.9574 0.6082666666666666 0.95684 0.6052799999999999 0.95628 0.6022933333333333 0.9574 0.59856 0.9596399999999999 0.5926133333333333 0.96076 0.5888800000000001 0.96188 0.5851466666666667 0.9624400000000001 0.5829066666666667 0.97026 0.58216 0.9725 0.5888800000000001 0.9730599999999999 0.5918666666666667 0.9758600000000001 0.6022933333333333 0.9758600000000001 0.6030399999999999 0.9758600000000001 0.60752 0.9741799999999999 0.6127466666666667 0.97362 0.6276533333333334 0.9585199999999999 0.6291466666666666
0 0.23188 0.45808 0.24575999999999998 0.46965333333333337 0.25962 0.46501333333333333 0.25442 0.4465333333333333 0.2592 0.41589333333333334 0.2553 0.38349333333333335 0.25138 0.36789333333333335 0.24706 0.3198933333333333 0.24358000000000002 0.28232 0.25312 0.27192 0.25138 0.2401066666666667 0.25616 0.22738666666666665 0.25138 0.21930666666666665 0.24142 0.21466666666666667 0.23578 0.21986666666666668 0.2284 0.2141066666666667 0.22928 0.20138666666666666 0.2271 0.18402666666666667 0.22146000000000002 0.16725333333333334 0.19413999999999998 0.16032 0.18114 0.18634666666666666 0.18719999999999998 0.20887999999999998 0.19806 0.21872 0.18418 0.23896 0.182 0.2690133333333333 0.19413999999999998 0.27538666666666667 0.19632 0.28058666666666665 0.19918 0.31218666666666667 0.1961 0.36616 0.20082 0.3792266666666667 0.19812000000000002 0.41616000000000003 0.20116 0.4504 0.21366 0.46032 0.22312 0.4585066666666667 0.2292 0.44949333333333336
0 0.11674 0.12458666666666667 0.12036 0.12525333333333333 0.12226000000000001 0.12296 0.12364 0.11952 0.12364 0.11490666666666667 0.12658 0.11122666666666667 0.13176 0.11053333333333334 0.13556 0.10914666666666667 0.13694 0.11698666666666666 0.13538 0.12042666666666665 0.13641999999999999 0.12504 0.13832 0.13285333333333332 0.13813999999999999 0.14114666666666667 0.13694 0.15173333333333333 0.13796 0.16322666666666666 0.14176 0.17704 0.14262 0.18096 0.14056 0.18832000000000002 0.13676 0.19085333333333332 0.13486 0.19061333333333336 0.1333 0.18717333333333333 0.13296 0.18349333333333334 0.1333 0.17797333333333332 0.13278 0.17266666666666666 0.12986 0.16370666666666667 0.13038 0.1719733333333333 0.13158 0.17957333333333333 0.13054 0.18533333333333332 0.12778 0.18992 0.12415999999999999 0.18992 0.12296 0.18648 0.12382 0.18117333333333333 0.12296 0.17245333333333335 0.12158 0.15933333333333333 0.11932 0.15173333333333333 0.11898 0.14482666666666666 0.1183 0.14437333333333333 0.11794 0.13768 0.1183 0.13354666666666667 0.1157 0.12986666666666669
