0 0.0665 0.7359294117647058 0.06671875000000001 0.7497176470588235 0.06421875 0.7513411764705882 0.062796875 0.7543058823529412 0.062796875 0.7646352941176471 0.063890625 0.7656235294117647 0.062796875 0.768235294117647 0.06159375 0.7692235294117648 0.058875 0.7662823529411765 0.060187500000000005 0.7633176470588235 0.060625 0.7548 0.059859375000000006 0.7567529411764706 0.058328124999999995 0.7692235294117648 0.054734375 0.7690588235294118 0.0550625 0.7654588235294117 0.056046874999999996 0.7616705882352941 0.056703125 0.7592235294117647 0.056046874999999996 0.7556235294117647 0.05615625 0.7487294117647059 0.056046874999999996 0.7444705882352941 0.053984374999999994 0.742164705882353 0.053984374999999994 0.7410117647058824 0.05387499999999999 0.7395529411764706 0.057359375000000004 0.7343058823529411 0.058765625 0.7288941176470588 0.060625 0.7275764705882354 0.062796875 0.7293882352941177 0.06301562499999999 0.731835294117647 0.063125 0.7331529411764706
0 0.0405625 0.7720470588235294 0.041484375000000004 0.7560470588235294 0.0401875 0.751835294117647 0.0394375 0.7462117647058824 0.04 0.7414352941176471 0.041671875000000004 0.7375058823529411 0.042421875 0.7344 0.042984375000000005 0.7316 0.044656249999999995 0.7304705882352941 0.047453125 0.7304705882352941 0.048390625 0.7318823529411765 0.048578125 0.7380705882352941 0.048578125 0.7380705882352941 0.050249999999999996 0.7391764705882352 0.0504375 0.7417176470588236 0.0504375 0.7436705882352941 0.050249999999999996 0.7498588235294118 0.050249999999999996 0.7577176470588235 0.05175 0.765035294117647 0.051000000000000004 0.7681176470588235 0.047828125 0.7684 0.047078125 0.7619294117647059 0.04503125 0.7630588235294118 0.044656249999999995 0.764470588235294 0.043171875 0.7728941176470588 0.042984375000000005 0.7728941176470588
0 0.085265625 0.5658823529411765 0.085890625 0.5612705882352941 0.088109375 0.5614352941176471 0.089265625 0.5628235294117647 0.0896875 0.5660941176470589 0.08842187500000001 0.566635294117647 0.085546875 0.5660000000000001
0 0.18067187499999998 0.8944470588235294 0.18270312500000002 0.8912705882352941 0.183078125 0.8866352941176471 0.184328125 0.8831764705882353 0.185765625 0.8814352941176471 0.1860625 0.8784 0.18846875000000002 0.8731764705882353 0.190296875 0.8724705882352941 0.193171875 0.8730352941176471 0.19403125000000002 0.8786823529411765 0.1939375 0.8844705882352941 0.19528125000000002 0.8921411764705883 0.195 0.8954588235294118 0.194515625 0.8956235294117647
0 0.722578125 0.7544470588235294 0.72025 0.7546588235294118 0.71690625 0.7509411764705882 0.7153125 0.7448235294117648 0.717640625 0.74 0.71865625 0.7338823529411764 0.7198125 0.7314588235294118 0.721421875 0.7327764705882354 0.722 0.7347529411764705 0.72315625 0.7371529411764707 0.72446875 0.7389176470588236 0.725046875 0.7435058823529412 0.724328125 0.7463529411764706 0.72403125 0.7461176470588236 0.7232968750000001 0.7544470588235294
0 0.7304062499999999 0.7339294117647059 0.725046875 0.7324235294117647 0.7253437500000001 0.7247764705882352 0.723015625 0.7243529411764706 0.7233125 0.7210823529411764 0.7275 0.7176 0.728234375 0.7136705882352942 0.730984375 0.7136705882352942 0.73140625 0.7178117647058824 0.734890625 0.7226117647058824 0.7345937499999999 0.7250117647058824 0.731703125 0.7265411764705881
0 0.745140625 0.7330352941176471 0.745140625 0.7281176470588235 0.7444843750000001 0.7255058823529411 0.745140625 0.7209176470588236 0.746875 0.7196235294117647 0.74709375 0.7163529411764705 0.747953125 0.7163529411764705 0.7492656249999999 0.7178117647058824 0.749703125 0.7202823529411765 0.7501249999999999 0.7255058823529411 0.750234375 0.7318823529411765 0.750453125 0.7335294117647059 0.750453125 0.7340235294117646
0 0.703703125 0.7178823529411765 0.703390625 0.7292000000000001 0.702109375 0.7292000000000001 0.70146875 0.7207764705882352
0 0.64284375 0.9210588235294117 0.640125 0.9187058823529411 0.63875 0.9153411764705882 0.63875 0.9129882352941177 0.639828125 0.9119529411764705 0.6416875 0.9135764705882352 0.643234375 0.9165176470588234 0.644015625 0.9129882352941177 0.644796875 0.9115058823529412 0.6456875 0.9107764705882353 0.6444062500000001 0.9094588235294118 0.643234375 0.9071058823529411 0.643046875 0.9029882352941176 0.6451875 0.9010823529411764 0.64734375 0.9007764705882353 0.649390625 0.9035764705882352 0.6505625 0.9057882352941176 0.6514375 0.9093176470588235 0.6522187500000001 0.9129882352941177 0.652421875 0.9162117647058823 0.652515625 0.9188705882352941 0.65075 0.9191529411764705 0.647828125 0.9209176470588235
0 0.19524999999999998 0.5457176470588235 0.19690625 0.5425411764705883 0.19846875 0.5442117647058823 0.19903125 0.5484 0.19946875 0.5527529411764706 0.19924999999999998 0.5549176470588235 0.198359375 0.5564235294117647 0.197015625 0.5569411764705882 0.19624999999999998 0.5556 0.19490625 0.5544235294117646 0.193578125 0.5522588235294118 0.193359375 0.5497411764705882
