0 0.49394 0.7384 0.4983 0.7138666666666666 0.4983 0.7138666666666666 0.49683999999999995 0.6990133333333334 0.49877999999999995 0.6893333333333334 0.48813999999999996 0.6938666666666666 0.48716000000000004 0.69 0.49636 0.6732 0.50314 0.65384 0.50702 0.64416 0.51136 0.6293333333333333 0.51766 0.6299733333333334 0.51766 0.6641866666666667 0.51718 0.69968 0.5167 0.71128 0.5205599999999999 0.7229066666666666 0.52008 0.7409600000000001 0.49539999999999995 0.7409600000000001
0 0.19412000000000001 0.7270666666666666 0.18175999999999998 0.6941066666666668 0.21176 0.6705866666666667 0.19412000000000001 0.6305866666666666 0.1747 0.61648 0.15706 0.6423466666666666 0.16412000000000002 0.68 0.15706 0.6988266666666667 0.17294 0.72 0.18530000000000002 0.73648
0 0.88406 0.7837866666666667 0.8908200000000001 0.7738933333333333 0.89216 0.7531733333333334 0.88744 0.72528 0.88744 0.68208 0.89216 0.66136 0.89418 0.65776 0.8881 0.6487733333333333 0.89288 0.6342666666666666 0.89928 0.6312533333333333 0.90946 0.6402933333333334 0.90606 0.6533599999999999 0.91172 0.6664533333333333 0.91172 0.6664533333333333 0.91398 0.67096 0.91172 0.6835466666666666 0.91134 0.7036533333333334 0.90946 0.7202399999999999 0.91324 0.7443733333333333 0.91398 0.7785599999999999 0.91398 0.7846133333333334 0.90306 0.7836000000000001 0.8868400000000001 0.78864 0.8826799999999999 0.78712
0 0.81044 0.6561333333333333 0.8066 0.6509866666666667 0.8074600000000001 0.6390399999999999 0.81172 0.6350399999999999 0.81728 0.6356266666666667 0.8224 0.6407466666666667 0.8224 0.6515733333333333 0.82112 0.65784 0.8271000000000001 0.7028266666666667 0.83224 0.71024 0.8284 0.7330133333333333 0.83052 0.7495466666666666 0.8412000000000001 0.7808799999999999 0.8395 0.7882666666666668 0.8271000000000001 0.7939733333333333 0.80832 0.7928266666666667 0.80874 0.7802933333333334 0.81772 0.7609333333333334 0.81002 0.72448 0.81044 0.6982666666666667 0.79806 0.7022666666666667 0.7937799999999999 0.6925866666666668 0.8066 0.6840266666666667 0.8066 0.67664 0.80104 0.6714933333333334 0.80404 0.6566933333333334
0 0.13752 0.7039733333333333 0.13784 0.6630133333333333 0.13848 0.6369866666666667 0.14872 0.634 0.15319999999999998 0.6544800000000001 0.15224000000000001 0.71848 0.14456 0.7042133333333332
0 0.4805 0.6734133333333333 0.47912 0.6674133333333333 0.48086 0.6545333333333333 0.48638 0.6379466666666667 0.49398000000000003 0.6333333333333333 0.49363999999999997 0.61952 0.49848000000000003 0.6126133333333333 0.5112599999999999 0.6241333333333333 0.51092 0.6361066666666666 0.49468 0.6770933333333333 0.48913999999999996 0.68816 0.48638 0.6904533333333334 0.48812 0.6969066666666666 0.49882 0.6922933333333333 0.49398000000000003 0.7375733333333333 0.49710000000000004 0.7458666666666667 0.49744 0.7541333333333333 0.49710000000000004 0.7698133333333333 0.49192 0.7757866666666667 0.49018 0.7757866666666667 0.48913999999999996 0.7375733333333333 0.48432 0.6997866666666667 0.48154 0.6933333333333334
0 0.84802 0.6703466666666666 0.84756 0.6624266666666666 0.8498600000000001 0.65816 0.85146 0.6563466666666666 0.84802 0.6508533333333333 0.8478 0.6462933333333334 0.8478 0.6444533333333333 0.84734 0.6435466666666667 0.84734 0.6408 0.84826 0.6334933333333334 0.85282 0.6286133333333334 0.8617400000000001 0.6334933333333334 0.86652 0.6472 0.8649199999999999 0.6533066666666667 0.86972 0.6624266666666666 0.87018 0.6764533333333334 0.87042 0.6779733333333333 0.86858 0.6843733333333333 0.86652 0.6892266666666667 0.86858 0.69656 0.87202 0.7148266666666667 0.8727 0.7276266666666668 0.87178 0.7328 0.86722 0.73432 0.8679 0.7385866666666667 0.86858 0.7458933333333333 0.8695 0.7519733333333334 0.8679 0.7620266666666666 0.86652 0.7693333333333333 0.86722 0.7775733333333332 0.86926 0.7839733333333334 0.86652 0.7866933333333334 0.85784 0.7873066666666667 0.84872 0.7873066666666667 0.8450599999999999 0.7845599999999999 0.8493999999999999 0.7772533333333334 0.85214 0.76752 0.85282 0.7538133333333333 0.851 0.7385866666666667 0.84962 0.7306666666666667 0.8493999999999999 0.7227466666666666 0.84802 0.6983733333333333 0.84666 0.68984 0.8462000000000001 0.6825333333333333 0.8452799999999999 0.6752266666666666 0.84642 0.6715733333333334
0 0.86398 0.6391733333333334 0.86876 0.63664 0.87548 0.6442933333333334 0.87676 0.6613333333333333 0.88218 0.6681333333333334 0.88442 0.6864533333333334 0.8841 0.7170933333333334 0.88346 0.7234933333333333 0.88378 0.7366933333333333 0.8770800000000001 0.7379466666666668 0.87962 0.752 0.87866 0.7643466666666666 0.8764400000000001 0.77968 0.86846 0.7792533333333334 0.8659 0.7694666666666667 0.86972 0.7528533333333333 0.86846 0.7337066666666666 0.8726 0.7324266666666668 0.8729199999999999 0.7260266666666666 0.8706799999999999 0.7064533333333334 0.86718 0.6889866666666666 0.87036 0.6783466666666667 0.87036 0.6677066666666667 0.86972 0.6621866666666667 0.8659 0.6545066666666667 0.86686 0.6481333333333333
0 0.73088 0.6127733333333333 0.7270599999999999 0.6159466666666666 0.72564 0.61912 0.72588 0.6289866666666667 0.72922 0.63184 0.7273 0.64584 0.7251599999999999 0.6512533333333334 0.7242000000000001 0.66176 0.72636 0.6776533333333333 0.7377999999999999 0.6782933333333334 0.74114 0.6674933333333334 0.7454400000000001 0.6589066666666666 0.7509199999999999 0.6538133333333334 0.7509199999999999 0.64904 0.74424 0.63344 0.73972 0.6254933333333333 0.73756 0.6169066666666667 0.73518 0.6127733333333333
0 0.6360800000000001 0.6196266666666667 0.6360800000000001 0.60968 0.64228 0.60472 0.65036 0.6072 0.65098 0.6245866666666666 0.64788 0.6304 0.6578200000000001 0.6337066666666666 0.66216 0.6477866666666666 0.66216 0.6502666666666667 0.6397999999999999 0.6486133333333333 0.62552 0.6486133333333333 0.62738 0.6345333333333333
0 0.83296 0.6495466666666667 0.83074 0.6454666666666667 0.83074 0.6384266666666667 0.83296 0.6334133333333334 0.83684 0.6310133333333333 0.8399 0.6308266666666666 0.84296 0.6341600000000001 0.8442200000000001 0.6402666666666667 0.8442200000000001 0.6480533333333334 0.84492 0.6521333333333333 0.8490800000000001 0.6539733333333334 0.85074 0.6556533333333333 0.84866 0.6584266666666666 0.8464400000000001 0.66176 0.8462999999999999 0.664 0.84408 0.664 0.8442200000000001 0.6662133333333333 0.84574 0.66696 0.84602 0.6726933333333333 0.84602 0.6743733333333333 0.8462999999999999 0.6802933333333334 0.8456 0.68456 0.8451799999999999 0.6895733333333333 0.84616 0.6949333333333334 0.8453200000000001 0.6990133333333334 0.8403200000000001 0.70216 0.83588 0.7105066666666666 0.83588 0.71904 0.83936 0.7233066666666667 0.8406 0.73312 0.84074 0.7414666666666667 0.8399 0.7468266666666666 0.842 0.7572 0.8422799999999999 0.7696266666666667 0.8414400000000001 0.7766666666666666 0.83962 0.7783466666666666 0.8362999999999999 0.7725866666666668 0.8342 0.76648 0.83338 0.75592 0.8317 0.7507199999999999 0.8289 0.7456533333333334 0.8280599999999999 0.742 0.82848 0.7321866666666667 0.82996 0.7299200000000001 0.8308 0.7279733333333334 0.8295399999999999 0.7223466666666667 0.8295399999999999 0.71336 0.82912 0.7063200000000001 0.8276399999999999 0.70016 0.8255399999999999 0.6939733333333333 0.8234199999999999 0.6790933333333333 0.82196 0.6729066666666667 0.8211 0.66616 0.82238 0.6605333333333333 0.82786 0.65352 0.8305800000000001 0.6526666666666666 0.8352200000000001 0.65184 0.83376 0.6504266666666667
