0 0.337078125 0.2085 0.33271875 0.20914583333333334 0.335625 0.20010416666666667 0.33271875 0.19752083333333334 0.33271875 0.19108333333333333 0.33271875 0.18720833333333334 0.3336875 0.18333333333333332 0.334171875 0.176875 0.3336875 0.17510416666666667 0.33809374999999997 0.175875 0.337515625 0.17902083333333335 0.337515625 0.18489583333333334 0.34015625 0.19193749999999998 0.33985937499999996 0.202125 0.338984375 0.207625
0 0.23767187500000003 0.20975000000000002 0.24178125 0.20927083333333335 0.24428125 0.19072916666666667 0.24375 0.1790625 0.242140625 0.17931249999999999 0.238921875 0.18262499999999998 0.238921875 0.1890625 0.23767187500000003 0.1914375 0.23714062500000002 0.20785416666666665
0 0.180046875 0.20527083333333335 0.17781249999999998 0.19716666666666666 0.17781249999999998 0.18822916666666664 0.178453125 0.17970833333333333 0.184203125 0.17247916666666668 0.18548437499999998 0.18014583333333334 0.187390625 0.18439583333333334 0.189 0.19120833333333334 0.190265625 0.198875 0.190265625 0.19929166666666667 0.185796875 0.19929166666666667 0.187078125 0.2048333333333333 0.18484375 0.2099375 0.18292187499999998 0.21291666666666667 0.17940625 0.21291666666666667 0.17940625 0.21206250000000001
0 0.373640625 0.2085625 0.372375 0.19114583333333332 0.371953125 0.18862500000000001 0.363515625 0.18779166666666666 0.362890625 0.18554166666666666 0.36457812500000003 0.18441666666666665 0.3713125 0.18441666666666665 0.3740625 0.17766666666666667 0.377640625 0.17822916666666666 0.37784375 0.18187499999999998 0.38079687500000003 0.19004166666666666 0.378484375 0.19395833333333332 0.38059375 0.20772916666666666 0.38059375 0.20829166666666668 0.3786875 0.20829166666666668 0.375734375 0.20070833333333335 0.375328125 0.20941666666666667 0.3740625 0.20941666666666667
0 0.386625 0.2069375 0.38553125 0.18983333333333335 0.386265625 0.181625 0.38525 0.17833333333333332 0.385078125 0.17416666666666666 0.387640625 0.17027083333333334 0.38882812499999997 0.16929166666666667 0.38873437499999997 0.165375 0.391671875 0.16452083333333334 0.39323437499999997 0.16647916666666665 0.39249999999999996 0.17027083333333334 0.39425 0.17406249999999998 0.394890625 0.17747916666666666 0.3940625 0.181625 0.3950625 0.1849375 0.395890625 0.1857916666666667 0.393328125 0.1908125 0.393515625 0.19741666666666668 0.39415625 0.20352083333333332 0.39451562500000004 0.20804166666666665 0.391671875 0.20779166666666665 0.390765625 0.198875 0.38946875 0.2074375
0 0.39635937499999996 0.20681249999999998 0.398875 0.20597916666666669 0.399296875 0.19279166666666667 0.40203125 0.19335416666666666 0.40203125 0.20681249999999998 0.40371875 0.20652083333333332 0.4058125 0.18297916666666666 0.405390625 0.17289583333333333 0.40265625 0.16785416666666667 0.39971875 0.16897916666666665 0.39782812500000003 0.1798958333333333 0.39803125 0.1894375
0 0.8840312499999999 0.16266666666666665 0.886109375 0.1595208333333333 0.8869374999999999 0.156 0.888609375 0.155625 0.8893125 0.15229166666666666 0.8902812499999999 0.14597916666666666 0.8895781250000001 0.14245833333333333 0.8893125 0.14135416666666664 0.8875 0.139125 0.88596875 0.13839583333333336 0.8848593749999999 0.13839583333333336 0.8831875 0.13949999999999999 0.8823593750000001 0.14245833333333333 0.882640625 0.14525 0.883890625 0.14616666666666667 0.8825 0.14877083333333332 0.8808281250000001 0.15283333333333332 0.878890625 0.15747916666666667 0.8786093749999999 0.1600625 0.8775000000000001 0.16191666666666665 0.876515625 0.16433333333333333 0.883890625 0.16414583333333335
0 0.24123437499999997 0.1765625 0.242734375 0.17491666666666666 0.242671875 0.17204166666666668 0.24306250000000001 0.1690625 0.244171875 0.16810416666666667 0.24542187499999998 0.16785416666666667 0.246734375 0.16870833333333335 0.24718749999999998 0.170375 0.24718749999999998 0.17308333333333334 0.24646875000000001 0.17472916666666669 0.24542187499999998 0.17570833333333333 0.24515625000000002 0.17631249999999998 0.24626562500000002 0.1798958333333333 0.24640625 0.18520833333333334 0.24634375 0.18922916666666667 0.24626562500000002 0.19358333333333333 0.24725000000000003 0.19733333333333333 0.247515625 0.20066666666666666 0.24698437499999998 0.20466666666666666 0.24626562500000002 0.20797916666666666 0.24575 0.20929166666666665 0.24279687499999997 0.20981249999999999 0.24240625 0.20964583333333334 0.24293749999999997 0.1976875 0.244171875 0.19270833333333334 0.244375 0.18720833333333334 0.244046875 0.18102083333333333 0.24351562499999999 0.17945833333333333 0.24201562499999998 0.17866666666666667
0 0.4205 0.20245833333333335 0.4205 0.19331250000000003 0.419125 0.18964583333333335 0.419125 0.17956249999999999 0.4211875 0.17102083333333334 0.4225625 0.16827083333333331 0.42485937500000004 0.16795833333333335 0.4253125 0.1713333333333333 0.424625 0.17772916666666666 0.426921875 0.1850625 0.428296875 0.1936041666666667 0.42943749999999997 0.19941666666666666 0.42576562500000004 0.2036875 0.42576562500000004 0.20489583333333333 0.42393749999999997 0.20672916666666669 0.41959375000000004 0.20672916666666669 0.41959375000000004 0.20672916666666669
0 0.4055625 0.20627083333333335 0.41057812499999996 0.20493750000000002 0.41090625000000003 0.19824999999999998 0.41626562500000003 0.2018125 0.41759375 0.19870833333333332 0.412921875 0.19245833333333331 0.40878125 0.18627083333333333 0.408390625 0.180375 0.40609375 0.180375
0 0.22884375 0.20977083333333332 0.22951562499999997 0.20670833333333333 0.228515625 0.20097916666666665 0.2284375 0.1945 0.2284375 0.19033333333333333 0.232140625 0.18912500000000002 0.23370312499999998 0.19177083333333333 0.234125 0.19385416666666666 0.23560937499999998 0.1962708333333333 0.233546875 0.2004375 0.23428125 0.21020833333333336 0.23190624999999998 0.20987499999999998 0.229015625 0.20977083333333332
0 0.888671875 0.15464583333333334 0.8894062500000001 0.15204166666666669 0.8901406250000001 0.1517083333333333 0.888921875 0.14327083333333332 0.888921875 0.14100000000000001 0.892328125 0.14002083333333332 0.894515625 0.14133333333333334 0.8952500000000001 0.15106250000000002 0.8955 0.15560416666666665 0.8920937500000001 0.15691666666666665 0.8913593750000001 0.15820833333333334 0.8874531250000001 0.15627083333333333 0.8874531250000001 0.15627083333333333
0 0.402875 0.23820833333333333 0.40159374999999997 0.23393750000000002 0.3991875 0.23372916666666665 0.39565625 0.23393750000000002 0.393734375 0.23927083333333332 0.389890625 0.243125 0.389734375 0.24804166666666666 0.39068749999999997 0.25145833333333334 0.40623437500000004 0.25125 0.40528125 0.2426875 0.403828125 0.23947916666666666 0.40334375 0.238
