0 0.39049999999999996 0.560546875 0.390109375 0.5647968750000001 0.38665625000000003 0.573171875 0.38890625 0.574640625 0.39090625 0.569453125 0.393171875 0.568796875 0.394890625 0.578484375 0.39875 0.576359375 0.3999375 0.56559375 0.393171875 0.559890625
0 0.632609375 0.577265625 0.63121875 0.571734375 0.6291562500000001 0.56828125 0.633296875 0.56446875 0.631921875 0.5603281250000001 0.635375 0.5565156250000001 0.6388281250000001 0.559984375 0.6388281250000001 0.5627500000000001 0.64159375 0.559984375 0.6419374999999999 0.565171875 0.6405624999999999 0.567234375 0.639171875 0.5693125 0.639875 0.5793437499999999 0.6360625 0.582453125
0 0.9273281250000001 0.569296875 0.9273281250000001 0.5656718749999999 0.9279375 0.561046875 0.927734375 0.557828125 0.927125 0.555625 0.927125 0.5538125 0.927125 0.55 0.9291406249999999 0.54859375 0.9325468750000001 0.5487968750000001 0.934765625 0.5526093750000001 0.9357656249999999 0.557828125 0.93596875 0.56025 0.935171875 0.5646718749999999 0.936171875 0.568890625 0.93496875 0.57109375 0.932953125 0.5722968749999999 0.9325468750000001 0.5686875 0.9327500000000001 0.56728125 0.9313437499999999 0.56446875 0.9313437499999999 0.568078125 0.9309531249999999 0.570703125 0.9293437499999999 0.571703125 0.926921875 0.570296875
0 0.5953906250000001 0.573046875 0.5955781250000001 0.566359375 0.5955781250000001 0.5645 0.59575 0.563203125 0.594640625 0.559671875 0.595203125 0.5587500000000001 0.5953906250000001 0.5567031250000001 0.596875 0.55578125 0.598171875 0.556140625 0.598359375 0.557625 0.598734375 0.5589375000000001 0.59965625 0.559671875 0.600765625 0.5602343750000001 0.6028125 0.5606093750000001 0.603375 0.562828125 0.601328125 0.563765625 0.60040625 0.563578125 0.59984375 0.5646875 0.59984375 0.567296875 0.60040625 0.56821875 0.59928125 0.570640625 0.59928125 0.57175 0.60003125 0.5726718749999999 0.60021875 0.573984375 0.5965 0.573796875
0 0.7091093749999999 0.5564218750000001 0.708546875 0.5642968749999999 0.70490625 0.567375 0.704625 0.558671875 0.7051875 0.555578125 0.707140625 0.555015625
0 0.7184062499999999 0.5622499999999999 0.719265625 0.55578125 0.717984375 0.55190625 0.7153906250000001 0.5506249999999999 0.7145312500000001 0.553640625 0.71325 0.5579375 0.71325 0.5618125 0.7141093749999999 0.564828125
0 0.82396875 0.567578125 0.8237343750000001 0.5625 0.82696875 0.56065625 0.82603125 0.55996875 0.821890625 0.558578125 0.821890625 0.556046875 0.8234999999999999 0.5530468749999999 0.8262656249999999 0.5541875 0.82696875 0.55765625 0.827890625 0.5648125 0.827421875 0.56734375
0 0.8842656249999999 0.571796875 0.8842656249999999 0.56709375 0.884890625 0.563390625 0.884890625 0.559796875 0.8855000000000001 0.5525 0.8889687500000001 0.551765625 0.8893437499999999 0.55546875 0.889453125 0.559796875 0.88871875 0.562890625 0.8879843749999999 0.5683281250000001 0.88809375 0.573890625 0.884765625 0.574390625
0 0.83078125 0.5666562500000001 0.8309374999999999 0.558296875 0.83078125 0.55628125 0.8318749999999999 0.555359375 0.8345 0.555515625 0.8352812500000001 0.55690625 0.8346562499999999 0.5666562500000001
0 0.45723437499999997 0.5565 0.45534375000000005 0.55059375 0.451546875 0.54975 0.450703125 0.55165625 0.45365625 0.5552343750000001 0.45534375000000005 0.557140625
0 0.9793593749999999 0.56434375 0.9846718750000001 0.5620625 0.9797343749999999 0.554078125 0.975171875 0.552171875 0.97328125 0.55521875 0.977078125 0.561671875 0.9785937499999999 0.566234375
0 0.88375 0.55690625 0.87984375 0.5579375 0.881671875 0.552734375 0.88375 0.549609375 0.885578125 0.54465625 0.889234375 0.542828125 0.8920937500000001 0.5436093750000001 0.893140625 0.54490625 0.8944531250000001 0.54934375 0.8941874999999999 0.5516875 0.894703125 0.55559375 0.891328125 0.5584687500000001 0.8895 0.5514218750000001 0.8848125 0.55325 0.8848125 0.558203125
0 0.70978125 0.566671875 0.7089218749999999 0.557578125 0.706375 0.559859375 0.708078125 0.5669531250000001
